3.392120097569434
3.180237238612069
2.065877506387275
3.362504606982477
2.153705886183499
1.756494533115366
6.9448772975978
1.697462317860811
1.40926004791043
5.07403660783052
1.710936020452297
1.268250285836019
1.527180346985992
2.244682971451035
4.376730522433583
2.068331995955667
1.091906355535183
1.282986457896756
1.541026891186988
2.542573881777383
5.837862890873928
10.72913738994028
2.702528586248866
1.440516442542112
1.407787228459329
3.048071104958553
2.524319748458584
2.718092958454808
3.438809606074027
1.518228201459285
1.670421362442151
2.021935439737356
1.382894096695261
2.006241753582847
2.608632197719378
1.844019097169053
1.873512958852909
1.901957559593123
9.848679816079581
2.229851389680469
1.536358451963345
1.836049822949315
2.979600048798493
2.184986556585641
1.053573970096665
1.657838266255668
1.565639322892975
3.801838604540399
1.050790668155505
2.653361445425083
2.614289140856981
4.580183016815898
8.483408732967268
6.186382635563952
1.796009720598549
4.992670222133986
2.35820992635368
2.95868903546544
1.28588889738628
2.659068316381442
0.9443903766679579
1.291133790014882
1.29599102028468
1.896667614520205
7.897873189438368
1.859084624680533
1.290386566670455
1.492248817193649
1.836479330506132
2.991530586860009
1.595074334749217
1.326548377048633
4.693380349234238
0.8965119343820978
0.843222766982289
8.969940557202779
3.054106592613026
1.871826881924291
1.473138025188144
2.881302672330093
1.130992977469781
1.766149349996202
6.069124034063275
1.680687216370777
1.097267646112351
2.786654656844941
6.031089614357592
6.113202532420365
7.322227919004517
5.976874892087817
3.728562089800678
9.087025524046568
2.433395763575742
1.466107176876021
1.88373567917021
1.867857314795942
1.461230638511176
0.9985263273962209
1.521562617628976
1.936869235451764
1.125774939863447
3.380662142975039
5.422480567744675
1.654201652991733
1.379800352410545
1.516043234853087
8.806442722834177
1.339912005594663
2.073515911278028
1.809210785844389
10.0709284974118
2.512218432678557
2.109029287352563
3.195287954926524
4.377852209840824
6.233461130603052
2.103178615241898
1.111962946461033
1.262183693298765
3.413970309917791
1.439760065975551
2.054617921529752
2.200658149194229
1.629066076409172
0.968370522944882
3.464212857758001
4.148531439940485
1.097254755575821
2.303719622198935
2.16435556032869
2.26875609366579
3.457240111929001
2.460494213302842
4.428100552969713
1.652748347701228
1.500412373051621
3.066442369101655
4.121637723439571
1.730455263071189
1.524297935914123
2.221241600033645
3.45080559080378
1.133603703035862
4.786689033635712
3.226436567496556
1.098198173888203
2.005257808399119
4.709505690893842
1.876719540344506
8.986433010053902
4.193221428053213
4.617900851587795
9.070713167549064
5.261716491401326
2.026439997427246
2.060818377328895
1.602391406851861
2.476314930807936
1.258880449231713
1.904187277417784
3.016802832858333
3.050934822833687
5.170975896399823
6.180355084833396
3.227019949694412
1.60769546265935
2.448716957628145
1.096556929720033
3.30918954996664
7.953505777139358
4.2403050341369
1.133579880992842
1.082714588736257
1.355516787075833
3.862387528995448
2.559995649963132
4.732717586147076
2.433740867248853
8.084278255235716
1.103961023098294
4.905165610167755
3.466665953359102
2.085653182565154
1.615480931234807
1.984600074551991
2.944743807258336
1.980718809541168
1.480897642622767
3.23913169117174
2.754956178960366
1.815273231107469
1.443211881398538
1.437666621220279
3.691435136325091
3.344258708253659
3.233758882046309
2.534967512269574
1.38225684438435
2.2168333270356
1.775220600343891
2.363276843700986
3.137659430548211
2.029318304889367
2.154169813374293
1.165883947226452
1.371800375832031
1.604526977181485
2.171209681519343
1.244237814013923
1.840234613300061
3.038414233056087
7.211586889025761
2.633041004961315
3.184112622833634
3.84661110927166
2.068375270886948
1.440073905309984
4.113015685432425
6.956545661782931
7.886860401976159
1.354609045656468
2.384159869341853
1.843626022511372
3.21665192842733
4.050366795058197
1.778832879660331
3.990765872290978
2.904623914548237
2.257006748119746
7.306895047432381
1.649289419399731
1.718267866284988
1.378986940999635
1.392352681701587
1.809165641270778
8.618659269470665
1.990815068380219
1.136577656939027
1.072801638024674
2.472858605650571
1.431405518031037
3.974049802627041
1.902782326272086
2.628783212059772
1.572786183969761
4.041539707037456
4.040687203042335
3.67113862922081
0.865345080147677
1.531597723827119
4.882568094132519
3.463300366769319
1.705838540815283
5.699207253579353
2.73171424624015
1.60108601992582
1.712731807645298
3.087989082428961
1.901290249415306
4.166803674051964
1.772739308486447
1.920457293626214
2.554944118404362
5.448448109001959
3.313134407176119
2.17710479000321
2.163748497101825
8.057345948929973
1.828188213257298
11.89745094575428
2.458586814887612
1.552914843066048
2.301764250673589
2.925066172472163
4.564391093886656
1.864648060262354
1.670226664500157
2.076525570398494
1.160598114086087
9.122629142367252
2.071666256174901
5.117811803100034
1.301524991093783
1.37090412982345
1.778088722558639
2.823623731031529
3.905372910138521
3.074872928887802
1.330490363978813
2.555340515584792
4.418056622224708
1.681743324114114
3.191633690141996
1.430234659793834
1.744156365617751
0.9703963279910983
3.529949171922144
2.038943710363746
3.673205963369861
1.831929947907722
6.449282123282332
1.343409940626209
0.8731856085064877
2.428514948704577
1.742706500071847
6.760349990439654
7.106950833984297
4.361690110601661
2.702431510347736
9.638052869901136
1.259685592587711
3.562811953009572
2.669839353467196
1.711435256125605
3.406655547780808
2.736536220645225
1.816876348956209
4.422791942532811
1.64039926171834
3.547247211560244
1.630467223728532
1.981821168633597
10.54137069928186
2.734276587547277
1.597562600554769
1.107402752694921
1.18861576472069
1.607175597154203
2.387844591760111
6.502108477858807
2.36685044419796
3.703057314525838
7.274332315559893
6.17343771891036
4.21091788809181
3.184112622833634
1.582486993150439
1.705944933321808
1.28543680057445
1.089783035768478
4.120941384814918
3.158383729442079
4.66091441499544
1.725700355416918
1.098970948612282
2.737054405109956
9.188243214447596
3.21046007183154
1.598401973295188
3.093222098230447
1.859071075417108
1.656390614360894
1.919314265088699