1614.962298130999
1359.988719047777
871.791472807764
1752.455664902883
1580.966380179422
936.0832363624818
1239.259277845681
1440.823382983576
861.7315207179023
1671.851785160419
1533.512803362066
695.5658736101457
1464.900565748615
1184.414147190526
974.8425567642041
803.6871843389782
590.7998613643824
657.2313974751349
874.1580764970638
1160.748077069231
1808.389198385808
2006.312759389677
886.8970982587717
1406.645526933402
1081.483011394657
802.5123562193135
1602.288771991737
752.2503954539566
959.4653835103541
783.09545741875
961.9180350250465
1035.179933325276
1376.988758480037
1378.983844482724
889.0723953511161
1581.641448451056
1190.559662314734
804.7616563290587
1732.158650918008
1700.98326051153
655.3670059368658
955.558433270455
1134.378404854776
691.8030917138487
572.3984126083952
1331.201242256032
1001.813562025679
945.7747487630102
1263.795784028202
954.6980034731359
1661.59579661019
1158.495406091136
1849.803165778904
1593.761054110976
752.5215047441048
1366.432249634045
1676.696087354671
774.0877168495792
1266.478227838363
853.6490840860378
600.4974529179176
857.1009807493471
1058.158913941164
1333.211632429822
1653.520487909334
877.4035486915532
990.3851350931672
1127.307992878552
917.5023088995495
864.1020651743997
758.3902241852895
676.814633824415
1660.931849664745
533.4439877111341
513.0049487063366
1588.825370319795
1619.035266707864
893.9610292443335
1197.217302914104
1819.052078048576
1130.150201571827
818.33844581376
1152.180807451489
756.6601766186164
1141.080340005566
1320.295760817382
1494.381847334302
1470.739771661973
1432.770819608845
1969.384501954421
1552.70723566514
1744.877698582625
978.0797182280858
691.5526644491811
1106.334081525381
876.8809471761829
680.4637697011035
562.0512529723562
1370.627495924257
952.3952886550521
693.2289952090326
1899.99393487071
1198.551455799607
1537.350858679872
782.7795451679898
1266.208808613557
1526.910632403443
944.3108738465213
1101.34039079246
829.1187131547399
1585.308108303845
914.865159447496
789.7979199742631
1891.028659734323
1317.804878765935
1614.721572986846
1233.040294648715
598.4454731351734
1328.738522977353
950.8277322196798
789.9665398646911
1508.840535427161
681.0604993462748
811.5306797250253
1160.061202031223
970.7799328384215
1499.080234126938
593.4758234244342
1031.692737698893
1337.026056596533
1249.121092390693
985.5682784747685
1236.431602422848
1739.877152267038
753.8830312069758
1029.740837719542
1004.159774587833
1450.550757274463
1148.132430956176
1430.289851516955
1611.306115853846
2008.435019742684
1108.086792099582
1403.846098551245
752.7827343237991
1121.893045721168
658.2659592489438
1630.155830922897
783.3755281535098
1527.951711814284
979.7672097091322
906.9502447152486
1856.122412254584
1544.684918035455
1077.618678699794
910.8024357693434
761.2015852331895
961.6894208788178
1238.813114480994
1154.58499185855
759.0326113452358
840.851813899287
1586.585015054322
1550.742881496472
1961.432225367354
681.9906570627588
1578.415442194879
1258.722723544872
1679.036177788156
1660.690795822454
1160.773230387314
574.3853878552859
1121.49618548546
1433.838270080567
1206.529545808331
756.0048776554346
1294.026129126633
793.2652272942639
1374.141787416953
1220.029058527033
1103.931601891745
1010.26378226224
1665.698655656875
1302.530492668629
1328.420903068689
1656.674967350813
825.2338479279803
962.4364286936888
1312.86719249248
893.8924540531111
925.0144796482057
850.9354958127036
996.6858174973368
1861.241946905236
865.6851859445119
1689.420596258074
1672.485193065707
1394.52825948638
727.0562703908647
1370.161692746161
665.8792501729512
1741.662766963718
774.737920474426
694.415659187491
1130.529767895643
841.0312915609202
685.3875862274469
1313.720870074315
631.9651245012326
1073.782155717354
851.851831243479
1377.683794826826
730.0461980536144
1835.229638985764
913.335599762781
1483.511508423423
807.62882686642
1720.55099206838
1414.440109239383
1441.820252825439
964.8865149042342
992.3249266916192
944.7548200871454
876.3163905902438
1552.703675848676
747.0899492035189
875.6333838582319
1141.586220917002
1621.896429884456
1713.930928268644
754.7228495393229
1090.807075910449
1050.340913898557
868.0493898874772
902.6791731123128
2087.689844870299
707.5955228543495
1216.305811547195
679.0085215225764
929.3550388898298
1306.066652470103
884.7454148263498
1512.820905434747
1612.458777233545
1430.952095782186
1549.86607678704
1457.572958153321
941.3808552557769
537.5962923456602
870.724552688794
1066.458838326608
2089.049111151313
1137.858936977636
1367.108988161149
1619.917618457052
876.4047970147212
724.8690619480992
1618.023895728239
1437.498588754028
848.2654889774809
677.28923516337
1269.251811455633
1421.337607009034
1062.079613063174
970.5476067579584
727.4088460114812
1615.636115094146
1533.130158747273
712.5134767064877
2021.826988839537
1248.831935626749
1301.274542612132
1601.539502319522
1657.734655475308
1471.044634259881
912.1669835840053
1517.743781179475
1055.405873493615
627.1721908659084
1911.543807285232
1594.496611137673
1184.846110244685
655.3336071379028
703.510815723031
1109.953410041674
1665.275810011257
1707.36077083602
1007.78331844671
753.0624241078401
1218.377579001566
1430.044678523257
1039.424141071105
1277.850280909321
698.7303342363472
1220.502819261564
537.3100947899304
1396.756811386464
1428.062551364307
1108.443542625187
1198.088124566454
1310.342471363654
1081.907324547305
538.8078618164369
1655.105511993268
885.1510450569936
2025.25843644377
1774.495381743805
1682.578287630834
757.5239024093347
1665.461496044716
942.6201415056375
799.3111155707625
868.2661448154968
650.5149005100189
962.6398943776107
1059.922009616886
1327.513772350158
1130.550236338507
1553.45283376011
1867.843314430947
802.6934370778965
1389.465899887283
1806.565703004087
1384.001999939065
991.9235336240899
596.4362903110277
1247.135732582462
664.1706281918994
1625.221769242758
1731.782844541955
885.0822453061115
834.7201676008793
1665.498427559108
1617.893150017538
1251.308225810998
1835.229638985764
715.7030301929324
1246.267417196108
1365.888241005572
1149.075176748689
1189.361204913721
1048.395155396569
1335.082829551668
1519.535930876054
1259.052361289341
1239.011096986085
1842.054436990824
1251.306765373263
757.2972159087707
1733.488453936102
799.8322394231575
1439.947872105254
707.0796545006832