0.9698463103929542 0.1710100716628328 0.1736481776669307
0.8137976813493742 0.2961981327260225 -0.4999999999999993
0.6427876096865408 0.7660444431189768 0
0.8137976813493741 0.2961981327260225 0.5
0.8137976813493744 0.4698463103929528 0.3420201433256689
0.6330222215594903 0.7544065067354877 0.1736481776669305
0.8137976813493745 0.4698463103929528 -0.3420201433256684
0.9254165783983237 0.3368240888334636 0.1736481776669305
0.6330222215594903 0.7544065067354877 0.1736481776669305
1.726768991878387e-15 0.9396926207859083 -0.3420201433256684
0.939692620785909 0.3420201433256673 0
0.6330222215594903 0.7544065067354877 0.1736481776669305
0.9254165783983238 0.3368240888334637 -0.1736481776669301
0.3368240888334669 0.9254165783983226 0.1736481776669306
0.7198463103929553 0.6040227735550523 -0.3420201433256684
0.6330222215594903 0.7544065067354877 0.1736481776669305
0.6330222215594903 0.7544065067354877 0.1736481776669305
0.7544065067354901 0.6330222215594876 -0.1736481776669296
0.6330222215594905 0.7544065067354877 -0.1736481776669301
0.3213938048432713 0.8830222215594884 0.3420201433256688
-0.1736481776669286 0.9848077530122084 2.220446049250313e-16
1.837589179357618e-15 1 2.220446049250313e-16
0.6330222215594903 0.7544065067354877 0.1736481776669305
0.5000000000000017 0.8660254037844377 -2.220446049250313e-16
0.7198463103929553 0.6040227735550523 -0.3420201433256684
0.6427876096865408 0.7660444431189768 0
0.3420201433256705 0.9396926207859078 1.110223024625157e-16
0.604022773555055 0.719846310392953 0.3420201433256689
0.7660444431189793 0.6427876096865379 0
0.6330222215594903 0.7544065067354877 0.1736481776669305
0.6330222215594905 0.7544065067354877 -0.1736481776669301
0.6634139481689395 0.5566703992264183 -0.5
0.8528685319524438 0.4924038765061024 0.1736481776669307
0.9254165783983237 0.3368240888334636 0.1736481776669305
0.7544065067354901 0.6330222215594876 -0.1736481776669296
0.9698463103929544 0.1710100716628329 -0.1736481776669299
0.3420201433256705 0.9396926207859078 1.110223024625157e-16
0.7544065067354901 0.6330222215594876 -0.1736481776669296
0.8660254037844386 -1.297999813308905e-15 0.5000000000000001
0.6330222215594905 0.7544065067354877 -0.1736481776669301
0.7544065067354901 0.6330222215594876 -0.1736481776669296
0.4924038765061058 0.8528685319524424 -0.1736481776669301
0.8137976813493745 0.4698463103929528 -0.3420201433256684
0.7660444431189793 0.6427876096865379 0
0.7544065067354901 0.6330222215594875 0.1736481776669305
0.3213938048432713 0.8830222215594884 -0.3420201433256684
0.7198463103929553 0.6040227735550523 -0.3420201433256684
0.6330222215594905 0.7544065067354877 -0.1736481776669301
0.8660254037844396 0.4999999999999986 0
0.7660444431189793 0.6427876096865379 0
0.6040227735550551 0.7198463103929531 -0.3420201433256687
0.7500000000000007 0.433012701892218 0.5000000000000002
1.837589179357618e-15 1 2.220446049250313e-16
1.591398911043097e-15 0.8660254037844388 -0.4999999999999998
0.7660444431189793 0.6427876096865379 0
0.8528685319524435 0.1503837331804339 0.5
0.6330222215594905 0.7544065067354877 -0.1736481776669301
0.7544065067354901 0.6330222215594876 -0.1736481776669296
0.3420201433256705 0.9396926207859078 1.110223024625157e-16
0.7198463103929553 0.6040227735550523 -0.3420201433256684
0.7660444431189793 0.6427876096865379 0
0.7660444431189793 0.6427876096865379 0
0.6330222215594903 0.7544065067354877 0.1736481776669305
0.4924038765061051 0.5868240888334642 0.6427876096865395
0.969846310392954 -0.1710100716628357 -0.1736481776669305
0.6427876096865408 0.7660444431189768 0
0.6330222215594905 0.7544065067354877 -0.1736481776669301
0.5566703992264206 0.6634139481689373 0.5000000000000001
0.7544065067354901 0.6330222215594876 -0.1736481776669296
0.6330222215594903 0.7544065067354877 0.1736481776669305
0.6330222215594905 0.7544065067354877 -0.1736481776669301
0.7544065067354901 0.6330222215594875 0.1736481776669305
1.591398911043097e-15 0.8660254037844388 -0.4999999999999998
0.6330222215594905 0.7544065067354877 -0.1736481776669301
0.7544065067354901 0.6330222215594876 -0.1736481776669296
0.4924038765061056 0.8528685319524422 0.1736481776669305
0.8137976813493745 0.4698463103929528 -0.3420201433256684
0.6330222215594903 0.7544065067354877 0.1736481776669305
0.4698463103929558 0.8137976813493728 -0.3420201433256684
0.6427876096865408 0.7660444431189768 0
0.6040227735550551 0.7198463103929531 -0.3420201433256687
0.7660444431189793 0.6427876096865379 0
0.7544065067354901 0.6330222215594875 0.1736481776669305
0.7544065067354901 0.6330222215594876 -0.1736481776669296
0.8660254037844396 0.4999999999999986 0
0.2961981327260254 0.8137976813493732 -0.4999999999999998
0.3368240888334669 0.9254165783983227 -0.1736481776669301
0.9254165783983235 0.1631759111665333 0.3420201433256691
0.7544065067354891 0.1330222215594878 -0.6427876096865395
-0.1631759111665331 0.9254165783983236 0.3420201433256689
0.6634139481689389 0.3830222215594878 0.6427876096865396
0.3368240888334669 0.9254165783983226 0.1736481776669306
0.4330127018922208 0.7499999999999991 -0.4999999999999996
0.6330222215594903 0.7544065067354877 0.1736481776669305
0.7500000000000009 0.4330127018922181 -0.4999999999999998
0.7544065067354901 0.6330222215594875 0.1736481776669305
0.7198463103929553 0.6040227735550523 -0.3420201433256684
0.7544065067354901 0.6330222215594875 0.1736481776669305
0.4698463103929557 0.8137976813493728 0.3420201433256688
0.4924038765061056 0.8528685319524422 0.1736481776669305
0.6330222215594905 0.7544065067354877 -0.1736481776669301
0.7198463103929553 0.6040227735550523 0.3420201433256689
0.8660254037844396 0.4999999999999986 0
0.7660444431189793 0.6427876096865379 0
0.6427876096865408 0.7660444431189768 0
0.5566703992264206 0.6634139481689373 0.5000000000000001
0.9254165783983236 0.1631759111665334 -0.3420201433256684
0.6330222215594903 0.7544065067354877 0.1736481776669305
0.8137976813493745 0.4698463103929528 -0.3420201433256684
0.7544065067354901 0.6330222215594875 0.1736481776669305
0.8528685319524437 0.150383733180434 -0.5000000000000002
0.7544065067354901 0.6330222215594876 -0.1736481776669296
0.6427876096865408 0.7660444431189768 0
0.7660444431189793 0.6427876096865379 0
0.7198463103929544 0.2620026302293837 0.6427876096865395
1 -1.498801083243961e-15 2.220446049250313e-16
0.3368240888334669 0.9254165783983226 0.1736481776669306
0.6427876096865408 0.7660444431189768 0
0.8528685319524442 0.4924038765061027 -0.1736481776669301
0.7198463103929553 0.6040227735550523 0.3420201433256689
0.6330222215594903 0.7544065067354877 0.1736481776669305
0.1736481776669322 0.9848077530122079 0
0.7544065067354901 0.6330222215594875 0.1736481776669305
0.6330222215594905 0.7544065067354877 -0.1736481776669301
0.6427876096865408 0.7660444431189768 0
0.6330222215594903 0.7544065067354877 0.1736481776669305
0.1503837331804369 0.8528685319524429 0.5
0.6330222215594905 0.7544065067354877 -0.1736481776669301
0.4330127018922208 0.7499999999999991 -0.4999999999999996
0.4924038765061052 0.5868240888334643 -0.6427876096865393
0.2961981327260254 0.8137976813493731 0.5000000000000001
0.4924038765061058 0.8528685319524424 -0.1736481776669301
0.8830222215594895 0.3213938048432682 0.3420201433256688
1.837589179357618e-15 1 2.220446049250313e-16
0.6330222215594903 0.7544065067354877 0.1736481776669305
0.7198463103929553 0.6040227735550523 0.3420201433256689
0.4924038765061058 0.8528685319524424 -0.1736481776669301
0.1710100716628361 0.9698463103929539 -0.1736481776669301
0.6634139481689395 0.5566703992264183 -0.5
0.6330222215594903 0.7544065067354877 0.1736481776669305
0.8660254037844396 0.4999999999999986 0
0.7544065067354901 0.6330222215594876 -0.1736481776669296
0.6330222215594905 0.7544065067354877 -0.1736481776669301
0.3213938048432713 0.8830222215594884 0.3420201433256688
0.7544065067354901 0.6330222215594875 0.1736481776669305
0.5000000000000017 0.8660254037844377 -2.220446049250313e-16
0.6330222215594903 0.7544065067354877 0.1736481776669305
0.9848077530122081 -1.476030927001749e-15 -0.1736481776669299
0.7660444431189793 0.6427876096865379 0
0.8830222215594895 0.3213938048432682 0.3420201433256688
0.7544065067354901 0.6330222215594876 -0.1736481776669296
0.7198463103929553 0.6040227735550523 -0.3420201433256684
-0.1503837331804338 0.8528685319524437 -0.5
0.9848077530122081 -1.476030927001749e-15 -0.1736481776669299
0.8660254037844396 0.4999999999999986 0
0.7198463103929553 0.6040227735550523 0.3420201433256689
0.604022773555055 0.719846310392953 0.3420201433256689
0.7198463103929553 0.6040227735550523 0.3420201433256689
0.3368240888334669 0.9254165783983227 -0.1736481776669301
0.3213938048432713 0.8830222215594884 0.3420201433256688
0.604022773555055 0.719846310392953 0.3420201433256689
0.7198463103929553 0.6040227735550523 0.3420201433256689
1 -1.498801083243961e-15 2.220446049250313e-16
0.1710100716628361 0.9698463103929539 -0.1736481776669301
0.7544065067354901 0.6330222215594876 -0.1736481776669296
0.7198463103929553 0.6040227735550523 -0.3420201433256684
1.726768991878387e-15 0.9396926207859083 -0.3420201433256684
0.5000000000000017 0.8660254037844377 -2.220446049250313e-16
0.9254165783983236 0.1631759111665334 -0.3420201433256684
0.3368240888334669 0.9254165783983226 0.1736481776669306
0.8528685319524442 0.4924038765061027 -0.1736481776669301
0.7544065067354901 0.6330222215594876 -0.1736481776669296
0.6330222215594905 0.7544065067354877 -0.1736481776669301
0.939692620785909 0.3420201433256673 0
0.8830222215594895 0.3213938048432682 0.3420201433256688
0.7544065067354901 0.6330222215594876 -0.1736481776669296
0.3420201433256705 0.9396926207859078 1.110223024625157e-16
0.6330222215594903 0.7544065067354877 0.1736481776669305
0.8137976813493744 0.4698463103929528 0.3420201433256689
0.4924038765061058 0.8528685319524424 -0.1736481776669301
0.7500000000000009 0.4330127018922181 -0.4999999999999998
0.4924038765061058 0.8528685319524424 -0.1736481776669301
0.6330222215594905 0.7544065067354877 -0.1736481776669301
0.7500000000000009 0.4330127018922181 -0.4999999999999998
0.8830222215594895 0.3213938048432682 -0.3420201433256684
0.939692620785909 0.3420201433256673 0
0.604022773555055 0.719846310392953 0.3420201433256689
0.6634139481689395 0.5566703992264183 -0.5
0.9254165783983237 0.3368240888334636 0.1736481776669305
0.6427876096865408 0.7660444431189768 0
0.6330222215594905 0.7544065067354877 -0.1736481776669301
0.6330222215594903 0.7544065067354877 0.1736481776669305
0.7544065067354901 0.6330222215594876 -0.1736481776669296
0.6040227735550551 0.7198463103929531 -0.3420201433256687
0.7198463103929553 0.6040227735550523 -0.3420201433256684
0.6634139481689395 0.5566703992264183 -0.5
0.9698463103929544 0.1710100716628329 -0.1736481776669299
0.3420201433256705 0.9396926207859078 1.110223024625157e-16
0.604022773555055 0.719846310392953 0.3420201433256689
0.6040227735550551 0.7198463103929531 -0.3420201433256687
0.6040227735550551 0.7198463103929531 -0.3420201433256687
0.5566703992264206 0.6634139481689373 0.5000000000000001
0.6427876096865408 0.7660444431189768 0
0.7198463103929553 0.6040227735550523 -0.3420201433256684
0.7544065067354901 0.6330222215594876 -0.1736481776669296
0.7544065067354901 0.6330222215594875 0.1736481776669305
0.6427876096865408 0.7660444431189768 0
0.4924038765061052 0.5868240888334643 -0.6427876096865393
0.7544065067354901 0.6330222215594875 0.1736481776669305
0.6634139481689394 0.5566703992264181 0.5000000000000001
0.6330222215594905 0.7544065067354877 -0.1736481776669301
0.4698463103929558 0.8137976813493728 -0.3420201433256684
0.7660444431189793 0.6427876096865379 0
0.7544065067354901 0.6330222215594876 -0.1736481776669296
0.7198463103929553 0.6040227735550523 0.3420201433256689
0.5566703992264206 0.6634139481689373 0.5000000000000001
0.6330222215594905 0.7544065067354877 -0.1736481776669301
0.8528685319524437 0.150383733180434 -0.5000000000000002
0.4330127018922208 0.7499999999999991 -0.4999999999999996
0.7198463103929544 0.2620026302293837 0.6427876096865395
0.6427876096865408 0.7660444431189768 0
0.4698463103929558 0.8137976813493728 -0.3420201433256684
0.7544065067354901 0.6330222215594875 0.1736481776669305
0.7198463103929553 0.6040227735550523 0.3420201433256689
0.1736481776669322 0.9848077530122079 0
0.604022773555055 0.719846310392953 0.3420201433256689
0.604022773555055 0.719846310392953 0.3420201433256689
0.9254165783983237 0.3368240888334636 0.1736481776669305
0.6427876096865408 0.7660444431189768 0
1.726768991878387e-15 0.9396926207859083 -0.3420201433256684
0.6040227735550551 0.7198463103929531 -0.3420201433256687
0.8137976813493744 0.4698463103929528 0.3420201433256689
0.4924038765061056 0.8528685319524422 0.1736481776669305
0.7198463103929553 0.6040227735550523 -0.3420201433256684
0.6427876096865408 0.7660444431189768 0
-0.1503837331804337 0.8528685319524435 0.5
0.6330222215594905 0.7544065067354877 -0.1736481776669301
0.6330222215594905 0.7544065067354877 -0.1736481776669301
0.6330222215594905 0.7544065067354877 -0.1736481776669301
0.7544065067354901 0.6330222215594875 0.1736481776669305
0.8137976813493744 0.4698463103929528 0.3420201433256689
0.6427876096865408 0.7660444431189768 0
0.6427876096865408 0.7660444431189768 0
0.9254165783983238 0.3368240888334637 -0.1736481776669301
0.6330222215594905 0.7544065067354877 -0.1736481776669301
0.9698463103929542 0.1710100716628328 0.1736481776669307
0.1710100716628361 0.9698463103929538 0.1736481776669305
0.7198463103929553 0.6040227735550523 -0.3420201433256684
0.6427876096865408 0.7660444431189768 0
0.604022773555055 0.719846310392953 0.3420201433256689
0.8137976813493745 0.4698463103929528 -0.3420201433256684
0.6427876096865408 0.7660444431189768 0
0.8528685319524442 0.4924038765061027 -0.1736481776669301
0.7198463103929549 0.2620026302293839 -0.642787609686539
0.9848077530122084 0.1736481776669288 2.220446049250313e-16
0.7544065067354901 0.6330222215594875 0.1736481776669305
0.6427876096865408 0.7660444431189768 0
0.7500000000000009 0.4330127018922181 -0.4999999999999998
0.9254165783983237 0.3368240888334636 0.1736481776669305
0.7198463103929553 0.6040227735550523 -0.3420201433256684
0.6427876096865408 0.7660444431189768 0
0.9254165783983237 0.3368240888334636 0.1736481776669305
0.3830222215594903 0.6634139481689377 -0.6427876096865397
0.6330222215594905 0.7544065067354877 -0.1736481776669301
0.7544065067354901 0.6330222215594875 0.1736481776669305
0.6330222215594903 0.7544065067354877 0.1736481776669305
0.1710100716628361 0.9698463103929539 -0.1736481776669301
0.6040227735550542 0.2198463103929533 -0.7660444431189779
0.6330222215594905 0.7544065067354877 -0.1736481776669301
0.2961981327260254 0.8137976813493731 0.5000000000000001
0.9254165783983238 0.3368240888334637 -0.1736481776669301
0.1710100716628361 0.9698463103929539 -0.1736481776669301
0.7544065067354901 0.6330222215594876 -0.1736481776669296
0.3368240888334669 0.9254165783983226 0.1736481776669306
0.1736481776669322 0.9848077530122079 0
0.7544065067354901 0.6330222215594875 0.1736481776669305
0.9254165783983238 0.3368240888334637 -0.1736481776669301
0.4330127018922208 0.7499999999999991 0.5
0.6040227735550551 0.7198463103929531 -0.3420201433256687
1.591398911043096e-15 0.8660254037844386 0.5000000000000001
0.8528685319524438 0.4924038765061024 0.1736481776669307
0.4924038765061058 0.8528685319524424 -0.1736481776669301
0.6330222215594905 0.7544065067354877 -0.1736481776669301
0.6330222215594903 0.7544065067354877 0.1736481776669305
0.5566703992264206 0.6634139481689373 0.5000000000000001
0.7198463103929553 0.6040227735550523 -0.3420201433256684
0.4131759111665359 0.4924038765061033 -0.7660444431189779
0.4698463103929557 0.8137976813493728 0.3420201433256688
0.6330222215594903 0.7544065067354877 0.1736481776669305
0.3830222215594903 0.6634139481689377 -0.6427876096865397
0.8528685319524435 0.1503837331804339 0.5
0.6634139481689394 0.5566703992264181 0.5000000000000001
0.9254165783983237 0.3368240888334636 0.1736481776669305
0.6427876096865408 0.7660444431189768 0
0.9254165783983238 0.3368240888334637 -0.1736481776669301
0.7544065067354901 0.6330222215594875 0.1736481776669305
0.1710100716628361 0.9698463103929539 -0.1736481776669301
0.8830222215594895 0.3213938048432682 -0.3420201433256684
0.8137976813493744 0.4698463103929528 0.3420201433256689
0.3213938048432713 0.8830222215594884 -0.3420201433256684
0.9254165783983238 0.3368240888334637 -0.1736481776669301
0.7198463103929553 0.6040227735550523 -0.3420201433256684
0.6330222215594905 0.7544065067354877 -0.1736481776669301
0.8660254037844396 0.4999999999999986 0
0.7544065067354901 0.6330222215594876 -0.1736481776669296
-0.1710100716628326 0.9698463103929545 0.1736481776669302
1.837589179357618e-15 1 2.220446049250313e-16
1.809672070682723e-15 0.9848077530122079 0.1736481776669305
0.6330222215594903 0.7544065067354877 0.1736481776669305
0.5000000000000017 0.8660254037844377 -2.220446049250313e-16
0.7544065067354901 0.6330222215594876 -0.1736481776669296
0.7198463103929553 0.6040227735550523 -0.3420201433256684
0.7544065067354901 0.6330222215594875 0.1736481776669305
0.7544065067354901 0.6330222215594876 -0.1736481776669296
0.5566703992264207 0.6634139481689373 -0.4999999999999996
0.4924038765061058 0.8528685319524424 -0.1736481776669301
0.7500000000000009 0.4330127018922181 -0.4999999999999998
0.4924038765061058 0.8528685319524424 -0.1736481776669301
0.9848077530122084 0.1736481776669288 2.220446049250313e-16
0.8137976813493744 0.4698463103929528 0.3420201433256689
0.7198463103929553 0.6040227735550523 0.3420201433256689
0.7500000000000007 0.433012701892218 0.5000000000000002
0.3368240888334669 0.9254165783983226 0.1736481776669306
0.1503837331804369 0.8528685319524429 0.5
0.604022773555055 0.719846310392953 0.3420201433256689
0.7544065067354901 0.6330222215594875 0.1736481776669305
0.8528685319524438 0.4924038765061024 0.1736481776669307
0.6427876096865408 0.7660444431189768 0
0.7544065067354901 0.6330222215594876 -0.1736481776669296
-0.1736481776669286 0.9848077530122084 2.220446049250313e-16
0.7660444431189793 0.6427876096865379 0
0.7660444431189793 0.6427876096865379 0
0.1503837331804369 0.8528685319524429 0.5
0.9848077530122079 -1.476030927001749e-15 0.1736481776669305
0.9254165783983238 0.3368240888334637 -0.1736481776669301
0.7544065067354901 0.6330222215594876 -0.1736481776669296
0.6427876096865408 0.7660444431189768 0
0.6634139481689394 0.5566703992264181 0.5000000000000001
0.8660254037844396 0.4999999999999986 0
0.7660444431189793 0.6427876096865379 0
0.939692620785909 0.3420201433256673 0
0.7500000000000007 0.433012701892218 0.5000000000000002
0.9254165783983237 0.3368240888334636 0.1736481776669305
0.939692620785909 0.3420201433256673 0
0.8528685319524438 0.4924038765061024 0.1736481776669307
0.8137976813493742 0.2961981327260225 -0.4999999999999993
-0.342020143325667 0.939692620785909 1.110223024625157e-16
0.3213938048432713 0.8830222215594884 0.3420201433256688
0.7544065067354901 0.6330222215594876 -0.1736481776669296
0.4924038765061051 0.5868240888334642 0.6427876096865395
0.7660444431189793 0.6427876096865379 0
0.8137976813493744 0.4698463103929528 0.3420201433256689
0.6330222215594903 0.7544065067354877 0.1736481776669305