-964.8017064994241
-811.1929606292789
-420.6659780678184
-1082.305130134928
-1042.350352298171
-485.2785130396057
-554.9809336800494
-881.0748305525678
-434.6544308845397
-983.4975441291185
-935.075161220915
-296.039818472558
-947.9109587474368
-640.8630158056085
-448.8539406179724
-372.8365000665211
-230.5517157647103
-270.6387918283713
-442.2143368013332
-648.7119541127595
-1155.646201530412
-1175.871665683253
-400.1159019075942
-895.3352653506211
-686.2575355872907
-338.1662014239522
-1029.065110312683
-329.4978437689351
-443.6921714822399
-369.4766609711444
-521.5727918677463
-602.6330512444366
-917.8105732889791
-820.9752466673858
-424.6424184316372
-964.6453278057679
-665.878086310054
-373.5337093100291
-946.9109142679333
-1089.397510984594
-267.1330991703386
-490.9587974207692
-609.2563832577433
-283.6875565511264
-220.1578899291998
-885.2381978999622
-583.3760150633398
-412.2725781925978
-810.9182424215571
-454.9050666770131
-1075.491979876249
-608.7310387666167
-969.1865124349227
-881.5322114789614
-331.7232747286558
-753.2523350743156
-1049.573296627611
-336.5300557683917
-783.4634111537237
-407.6026428947142
-237.9035529545372
-430.1856359884089
-669.3391828811612
-898.6816859376576
-998.8738443202132
-431.5674004247005
-580.4306360343926
-741.0292340661144
-467.3859336033861
-391.1005320073723
-341.435315600893
-283.1550169169926
-1013.831322847381
-200.2640101393798
-190.2493254256551
-655.3308612632696
-1105.764018356624
-435.6490040147898
-777.7320631594588
-1077.050208663489
-747.4891941762728
-382.850551063581
-500.9079155040371
-342.3010316237217
-708.577205616514
-830.0251831663699
-680.6459559206004
-757.1995380500564
-798.8152284774443
-1128.306237422002
-946.6769677062916
-777.3264227752197
-511.4245200412258
-295.7090372938765
-675.912142791876
-428.8524959115001
-289.3832312363765
-216.9268464396534
-942.5652317468468
-488.3995714766657
-295.6271183603638
-1187.085155062935
-551.3200736905294
-980.6389378070777
-362.435601329592
-867.6547877525954
-739.191606944004
-522.7932435625748
-633.6956440507483
-391.9715338399194
-809.9072544162706
-448.2070314636013
-351.6450364689781
-1077.191863628889
-771.2155804813422
-905.6236770606491
-692.9938849618702
-236.7906426616711
-868.7768589521701
-450.9208578967967
-370.5163441196352
-882.8575961087845
-274.2006752856153
-383.3698701079957
-740.9904856772047
-449.1096329384894
-871.9877435700553
-231.6710134478143
-568.4708143318583
-862.1217605022953
-766.8518882155563
-456.8886863662291
-731.4059532478482
-999.7473157867379
-336.3371046805055
-631.5912592500014
-473.1643481860729
-746.7543468495029
-738.2414682595797
-952.6851303550751
-958.8990944756029
-1173.853443739584
-721.8923016544096
-685.5194063244516
-312.6575171539225
-699.9090789773654
-270.6886430978846
-1007.576133524739
-351.4081601595503
-668.0389253421548
-442.1212729218899
-392.1460175421408
-1074.350625460674
-862.9437647744455
-572.6290553199811
-469.1303703151087
-349.695646064157
-500.3455019939682
-809.5242349400664
-710.0533814012749
-327.4456909137082
-386.5500699214642
-925.0651017454892
-717.8840117758369
-1183.787546683586
-288.4267913393396
-976.3679950170405
-832.1654204776632
-1027.280289285785
-756.8311193735076
-573.6509010935902
-224.1413823846382
-721.4134640916461
-881.2044513605949
-623.6230193292987
-329.2933801390116
-598.3396944804555
-351.1086945334753
-581.5641993594363
-808.1635752520469
-545.9745011452112
-478.7155222996982
-1055.657253697732
-860.343250800983
-821.4733040815922
-1211.435473915328
-398.2454045581802
-551.7123328754369
-735.6316764714727
-398.4703764730887
-483.412724853245
-426.9941381144118
-568.6546924580882
-1231.920965551321
-399.5479941059136
-1138.229477556247
-1044.463446691179
-885.784048734159
-315.3901381757046
-937.2825893349108
-272.5058500974114
-1159.354127188208
-342.2443575264201
-288.9640191423268
-734.5095418913061
-417.9039789505472
-287.0970606061671
-849.5908983467989
-254.7680701562248
-648.5898846383361
-369.1875211490803
-551.4511238760133
-298.7862669079188
-1119.319850768167
-423.1165031571359
-1029.944514364544
-385.6124654264189
-1106.52636371173
-623.002630695898
-734.2727566273571
-546.9152485072176
-504.6154289009696
-488.6389948049065
-407.174045576915
-823.8148750427661
-339.0743226122079
-378.6573809416905
-617.5594107252958
-1024.233363262545
-910.1971445557805
-342.9271626472671
-655.8137991826561
-633.2587046090555
-446.9978354528978
-435.9439706635429
-1122.71879270625
-298.5391543661388
-826.9712652135963
-287.9069561681623
-452.2276638498123
-852.4480189928333
-369.1792206674023
-975.4040315264273
-1091.338363294029
-973.7198522310373
-896.1347294334014
-768.1078730448692
-437.7555482976319
-201.0931493989771
-450.028846396161
-495.930561094933
-1321.144191831547
-662.7099546227862
-773.9295275847068
-918.4101486449429
-443.9140040348904
-312.8455182372521
-1092.834271638435
-860.0619261503115
-356.0494860355761
-275.9682534495734
-744.3284380680896
-960.6028240854272
-440.2655564226982
-471.8274911386559
-316.9238337009625
-992.2730502030821
-900.7771644854685
-309.369358915208
-896.1259364172134
-695.5719128134825
-802.7412984164044
-1035.013749244323
-1141.742940340184
-725.0322149016108
-459.2981593109333
-951.0555462186875
-619.8420939505852
-257.3391825763705
-986.6204325306211
-1009.913644954201
-520.0200216587079
-270.7378570831933
-308.5708193547968
-713.836032616454
-1101.818352999329
-1078.963846709951
-502.4242749358214
-340.0713272890081
-763.4587706800867
-844.9797537570676
-630.4663169124502
-695.2320335899258
-295.8124736574755
-708.2561441338279
-201.6479562865629
-719.7531592933113
-890.7561648593527
-578.6069773245202
-738.4642928994244
-610.7501980470431
-678.6630472187267
-203.5129477713957
-980.7708949629786
-445.2037642544012
-1167.484157286014
-927.8643805946174
-944.597585061696
-326.9163107595224
-652.6602739271902
-520.9501811333275
-346.5876092426105
-398.1251548559035
-259.0911196068843
-462.2632395316658
-520.3475293950823
-860.1956389278059
-498.8136518076021
-905.6779547303871
-1233.759359281142
-385.1792124650618
-912.1351792353851
-755.1143442785097
-844.4631094790203
-588.9534907098125
-234.6374415673862
-808.6987795518654
-268.5717238955806
-1030.80434859718
-1282.351656696123
-422.3276629388329
-357.8687089131366
-816.6196689551682
-905.5930405815992
-638.3165634583313
-1119.319850768167
-304.5883732713787
-831.5641417908696
-869.4332763246085
-722.2023358065765
-581.2911326747426
-553.7541710893789
-695.3226597355475
-949.3154425305804
-836.7017726262447
-731.478684295819
-1301.624234613528
-690.2255684357016
-347.6547548599577
-1135.914704367491
-361.6613855369426
-979.5471585446753
-302.1488927237839