-0.9698463103929535 0.1710100716628372 0.1736481776669305
0.7544065067354888 -0.1330222215594901 -0.6427876096865393
1.837589179357618e-15 1 2.220446049250313e-16
-0.9698463103929535 0.1710100716628373 -0.1736481776669299
-0.984807753012208 -0.1736481776669303 2.220446049250313e-16
1.809672070682723e-15 0.9848077530122079 0.1736481776669305
-0.1631759111665332 0.9254165783983236 -0.3420201433256682
0.9254165783983231 -0.1631759111665361 0.3420201433256687
0.9848077530122084 0.1736481776669288 2.220446049250313e-16
0.1710100716628334 -0.9698463103929543 -0.1736481776669296
-0.8660254037844386 -1.060575238724907e-16 0.5000000000000001
1.809672070682723e-15 0.9848077530122079 0.1736481776669305
0.969846310392954 -0.1710100716628357 -0.1736481776669305
1.809672070682723e-15 0.9848077530122081 -0.1736481776669299
1 -1.498801083243961e-15 2.220446049250313e-16
1.809672070682723e-15 0.9848077530122079 0.1736481776669305
0.9848077530122081 -1.476030927001749e-15 -0.1736481776669299
1.809672070682723e-15 0.9848077530122081 -0.1736481776669299
0.1710100716628361 0.9698463103929538 0.1736481776669305
-0.1631759111665331 0.9254165783983236 0.3420201433256689
0.3213938048432687 -0.8830222215594893 -0.3420201433256682
0.9848077530122079 -1.476030927001749e-15 0.1736481776669305
1.809672070682723e-15 0.9848077530122079 0.1736481776669305
1.837589179357618e-15 1 2.220446049250313e-16
0.9254165783983236 0.1631759111665334 -0.3420201433256684
1.837589179357618e-15 1 2.220446049250313e-16
-1.048990684667789e-15 -1 2.220446049250313e-16
0.9396926207859083 -1.408412317950276e-15 0.3420201433256689
0.9848077530122079 -1.476030927001749e-15 0.1736481776669305
1.726768991878387e-15 0.9396926207859083 0.3420201433256689
1.809672070682723e-15 0.9848077530122081 -0.1736481776669299
0.8660254037844388 -1.297999813308906e-15 -0.4999999999999998
0.9848077530122079 -1.476030927001749e-15 0.1736481776669305
0.9254165783983231 -0.1631759111665361 0.3420201433256687
0.9848077530122081 -1.476030927001749e-15 -0.1736481776669299
-0.9848077530122081 -1.206041662501898e-16 -0.1736481776669299
1.809672070682723e-15 0.9848077530122081 -0.1736481776669299
0.9848077530122081 -1.476030927001749e-15 -0.1736481776669299
-0.8830222215594882 0.3213938048432721 -0.3420201433256684
-0.9254165783983231 -0.1631759111665347 0.342020143325669
1.726768991878387e-15 0.9396926207859083 -0.3420201433256684
1.809672070682723e-15 0.9848077530122081 -0.1736481776669299
0.925416578398323 -0.1631759111665362 -0.3420201433256682
1.837589179357618e-15 1 2.220446049250313e-16
1.809672070682723e-15 0.9848077530122081 -0.1736481776669299
-0.1503837331804338 0.8528685319524437 -0.5
0.9698463103929544 0.1710100716628329 -0.1736481776669299
1.837589179357618e-15 1 2.220446049250313e-16
-0.1631759111665358 -0.9254165783983231 0.3420201433256688
1 -1.498801083243961e-15 2.220446049250313e-16
-1.033054159098423e-15 -0.9848077530122079 0.1736481776669305
0.8528685319524429 -0.1503837331804365 0.5000000000000002
0.9698463103929542 0.1710100716628328 0.1736481776669307
0.3213938048432687 -0.8830222215594893 0.3420201433256689
1 -1.498801083243961e-15 2.220446049250313e-16
-0.9698463103929535 0.1710100716628372 0.1736481776669305
-9.857288056554789e-16 -0.9396926207859083 0.3420201433256689
0.9848077530122081 -1.476030927001749e-15 -0.1736481776669299
1.837589179357618e-15 1 2.220446049250313e-16
0.9396926207859083 -1.408412317950276e-15 -0.3420201433256684
1.809672070682723e-15 0.9848077530122079 0.1736481776669305
0.9698463103929542 0.1710100716628328 0.1736481776669307
0.1710100716628361 0.9698463103929538 0.1736481776669305
-0.1330222215594876 0.754406506735489 0.6427876096865397
-0.8830222215594882 0.3213938048432721 0.3420201433256687
0.1631759111665366 0.925416578398323 -0.3420201433256684
0.1710100716628361 0.9698463103929539 -0.1736481776669301
0.1631759111665365 0.9254165783983231 0.3420201433256685
0.9848077530122081 -1.476030927001749e-15 -0.1736481776669299
1.809672070682723e-15 0.9848077530122079 0.1736481776669305
1.809672070682723e-15 0.9848077530122081 -0.1736481776669299
1.809672070682723e-15 0.9848077530122079 0.1736481776669305
0.1710100716628334 -0.9698463103929543 -0.1736481776669296
0.7544065067354901 0.6330222215594876 -0.1736481776669296
0.6330222215594905 0.7544065067354877 -0.1736481776669301
0.3213938048432687 -0.8830222215594893 -0.3420201433256682
-0.9848077530122081 -1.206041662501898e-16 -0.1736481776669299
1.809672070682723e-15 0.9848077530122079 0.1736481776669305
1.726768991878387e-15 0.9396926207859083 -0.3420201433256684
-0.1330222215594898 -0.7544065067354888 0.6427876096865395
0.1631759111665366 0.925416578398323 -0.3420201433256684
1 -1.498801083243961e-15 2.220446049250313e-16
0.8660254037844386 -1.297999813308905e-15 0.5000000000000001
0.9848077530122081 -1.476030927001749e-15 -0.1736481776669299
0.9848077530122084 0.1736481776669288 2.220446049250313e-16
-0.1330222215594876 0.7544065067354891 -0.6427876096865393
1.591398911043097e-15 0.8660254037844388 -0.4999999999999998
-0.8830222215594882 0.3213938048432721 -0.3420201433256684
-0.9254165783983228 0.1631759111665377 -0.3420201433256682
0.1631759111665338 -0.9254165783983234 0.342020143325669
-0.9698463103929535 0.1710100716628373 -0.1736481776669299
0.3213938048432687 -0.8830222215594893 -0.3420201433256682
1.809672070682723e-15 0.9848077530122081 -0.1736481776669299
0.9848077530122079 -1.476030927001749e-15 0.1736481776669305
0.8660254037844388 -1.297999813308906e-15 -0.4999999999999998
0.9848077530122079 -1.476030927001749e-15 0.1736481776669305
1.726768991878387e-15 0.9396926207859083 -0.3420201433256684
0.6330222215594903 0.7544065067354877 0.1736481776669305
-0.1631759111665358 -0.9254165783983231 0.3420201433256688
1.809672070682723e-15 0.9848077530122079 0.1736481776669305
1.809672070682723e-15 0.9848077530122081 -0.1736481776669299
-9.857288056554789e-16 -0.9396926207859083 -0.3420201433256684
0.8660254037844388 -1.297999813308906e-15 -0.4999999999999998
-0.9254165783983231 -0.1631759111665347 0.342020143325669
1 -1.498801083243961e-15 2.220446049250313e-16
1.591398911043096e-15 0.8660254037844386 0.5000000000000001
-0.8830222215594882 0.3213938048432721 0.3420201433256687
0.1736481776669322 0.9848077530122079 0
0.9848077530122081 -1.476030927001749e-15 -0.1736481776669299
0.9848077530122079 -1.476030927001749e-15 0.1736481776669305
-0.1631759111665332 0.9254165783983236 -0.3420201433256682
0.9848077530122081 -1.476030927001749e-15 -0.1736481776669299
1.837589179357618e-15 1 2.220446049250313e-16
-9.084525812555366e-16 -0.8660254037844386 0.5000000000000001
-0.9848077530122077 0.1736481776669334 -2.220446049250313e-16
-0.8137976813493731 0.2961981327260262 -0.5000000000000002
-0.1710100716628326 0.9698463103929545 0.1736481776669302
1 -1.498801083243961e-15 2.220446049250313e-16
0.9848077530122081 -1.476030927001749e-15 -0.1736481776669299
1 -1.498801083243961e-15 2.220446049250313e-16
1.809672070682723e-15 0.9848077530122079 0.1736481776669305
-0.1736481776669286 0.9848077530122084 2.220446049250313e-16
1.809672070682723e-15 0.9848077530122079 0.1736481776669305
1.809672070682723e-15 0.9848077530122081 -0.1736481776669299
0.1736481776669322 0.9848077530122079 0
1.837589179357618e-15 1 2.220446049250313e-16
0.1710100716628333 -0.9698463103929541 0.1736481776669307
1 -1.498801083243961e-15 2.220446049250313e-16
1.809672070682723e-15 0.9848077530122081 -0.1736481776669299
-0.1710100716628354 -0.969846310392954 -0.1736481776669303
-0.1503837331804337 0.8528685319524435 0.5
1.837589179357618e-15 1 2.220446049250313e-16
0.8528685319524429 -0.1503837331804365 0.5000000000000002
0.2961981327260231 -0.8137976813493742 -0.5
1.809672070682723e-15 0.9848077530122079 0.1736481776669305
0.9254165783983235 0.1631759111665333 0.3420201433256691
1.726768991878387e-15 0.9396926207859083 -0.3420201433256684
1.726768991878387e-15 0.9396926207859083 0.3420201433256689
1.407674979582467e-15 0.766044443118978 -0.6427876096865393
-0.1503837331804362 -0.8528685319524432 0.5
-0.984807753012208 -0.1736481776669303 2.220446049250313e-16
-9.857288056554789e-16 -0.9396926207859083 0.3420201433256689
0.1710100716628361 0.9698463103929539 -0.1736481776669301
1.837589179357618e-15 1 2.220446049250313e-16
1.726768991878387e-15 0.9396926207859083 0.3420201433256689
0.1736481776669322 0.9848077530122079 0
0.9396926207859083 -1.408412317950276e-15 0.3420201433256689
-0.9698463103929535 0.1710100716628373 -0.1736481776669299
1 -1.498801083243961e-15 2.220446049250313e-16
-0.1631759111665331 0.9254165783983236 0.3420201433256689
0.9848077530122079 -1.476030927001749e-15 0.1736481776669305
1 -1.498801083243961e-15 2.220446049250313e-16
0.3213938048432687 -0.8830222215594893 0.3420201433256689
-0.8137976813493731 0.2961981327260262 -0.5000000000000002
0.9848077530122079 -1.476030927001749e-15 0.1736481776669305
0.9396926207859083 -1.408412317950276e-15 0.3420201433256689
1.726768991878387e-15 0.9396926207859083 0.3420201433256689
0.9848077530122079 -1.476030927001749e-15 0.1736481776669305
1.809672070682723e-15 0.9848077530122081 -0.1736481776669299
1.809672070682723e-15 0.9848077530122079 0.1736481776669305
1.726768991878387e-15 0.9396926207859083 0.3420201433256689
0.9396926207859083 -1.408412317950276e-15 0.3420201433256689
-0.8137976813493731 0.2961981327260262 -0.5000000000000002
0.3213938048432687 -0.8830222215594893 0.3420201433256689
-0.1710100716628354 -0.9698463103929539 0.1736481776669305
1.726768991878387e-15 0.9396926207859083 -0.3420201433256684
0.1631759111665339 -0.9254165783983235 -0.3420201433256682
0.1710100716628361 0.9698463103929539 -0.1736481776669301
-0.9848077530122077 0.1736481776669334 -2.220446049250313e-16
0.3213938048432687 -0.8830222215594893 -0.3420201433256682
0.9396926207859083 -1.408412317950276e-15 0.3420201433256689
1.837589179357618e-15 1 2.220446049250313e-16
0.1710100716628361 0.9698463103929539 -0.1736481776669301
0.969846310392954 -0.1710100716628357 -0.1736481776669305
0.9848077530122081 -1.476030927001749e-15 -0.1736481776669299
0.9848077530122081 -1.476030927001749e-15 -0.1736481776669299
1.726768991878387e-15 0.9396926207859083 -0.3420201433256684
1.809672070682723e-15 0.9848077530122079 0.1736481776669305
-0.8830222215594882 0.3213938048432721 -0.3420201433256684
0.1710100716628361 0.9698463103929539 -0.1736481776669301
0.8528685319524432 -0.1503837331804365 -0.4999999999999998
1.837589179357618e-15 1 2.220446049250313e-16
-0.1631759111665358 -0.9254165783983231 0.3420201433256688
0.9396926207859083 -1.408412317950276e-15 -0.3420201433256684
0.925416578398323 -0.1631759111665362 -0.3420201433256682
-0.9254165783983228 0.1631759111665376 0.3420201433256689
1.726768991878387e-15 0.9396926207859083 0.3420201433256689
0.1710100716628361 0.9698463103929539 -0.1736481776669301
0.9254165783983231 -0.1631759111665361 0.3420201433256687
1.837589179357618e-15 1 2.220446049250313e-16
0.9698463103929544 0.1710100716628329 -0.1736481776669299
0.1710100716628361 0.9698463103929539 -0.1736481776669301
0.9848077530122084 0.1736481776669288 2.220446049250313e-16
-0.8660254037844386 2.029020210256055e-15 0.5000000000000001
0.9848077530122081 -1.476030927001749e-15 -0.1736481776669299
-0.9396926207859083 -1.15079156022785e-16 0.3420201433256689
-0.9698463103929535 0.1710100716628372 0.1736481776669305
-0.1736481776669286 0.9848077530122084 2.220446049250313e-16
1.726768991878387e-15 0.9396926207859083 0.3420201433256689
1.407674979582467e-15 0.766044443118978 -0.6427876096865393
0.9396926207859083 -1.408412317950276e-15 -0.3420201433256684
-9.857288056554789e-16 -0.9396926207859083 -0.3420201433256684
1.837589179357618e-15 1 2.220446049250313e-16
1.726768991878387e-15 0.9396926207859083 -0.3420201433256684
0.3368240888334669 0.9254165783983227 -0.1736481776669301
0.9698463103929544 0.1710100716628329 -0.1736481776669299
1 -1.498801083243961e-15 2.220446049250313e-16
-0.1631759111665358 -0.9254165783983233 -0.3420201433256684
1.809672070682723e-15 0.9848077530122079 0.1736481776669305
0.8660254037844386 -1.297999813308905e-15 0.5000000000000001
1.809672070682723e-15 0.9848077530122081 -0.1736481776669299
0.3213938048432687 -0.8830222215594893 0.3420201433256689
1.837589179357618e-15 1 2.220446049250313e-16
-1.033054159098423e-15 -0.9848077530122079 0.1736481776669305
0.9848077530122079 -1.476030927001749e-15 0.1736481776669305
-0.1710100716628354 -0.969846310392954 -0.1736481776669303
0.9698463103929542 0.1710100716628328 0.1736481776669307
-0.9698463103929535 0.1710100716628372 0.1736481776669305
0.925416578398323 -0.1631759111665362 -0.3420201433256682
-0.9254165783983228 0.1631759111665376 0.3420201433256689
0.1736481776669322 0.9848077530122079 0
1.809672070682723e-15 0.9848077530122081 -0.1736481776669299
0.9848077530122079 -1.476030927001749e-15 0.1736481776669305
0.9848077530122079 -1.476030927001749e-15 0.1736481776669305
0.2620026302293842 -0.7198463103929543 0.6427876096865395
0.9396926207859083 -1.408412317950276e-15 0.3420201433256689
1.809672070682723e-15 0.9848077530122079 0.1736481776669305
0.9254165783983231 -0.1631759111665361 0.3420201433256687
-9.857288056554789e-16 -0.9396926207859083 0.3420201433256689
0.3213938048432687 -0.8830222215594893 0.3420201433256689
1.726768991878387e-15 0.9396926207859083 -0.3420201433256684
0.9396926207859083 -1.408412317950276e-15 0.3420201433256689
0.1736481776669322 0.9848077530122079 0
0.9848077530122084 0.1736481776669288 2.220446049250313e-16
1.837589179357618e-15 1 2.220446049250313e-16
0.1631759111665338 -0.9254165783983234 0.342020143325669
0.9848077530122081 -1.476030927001749e-15 -0.1736481776669299
0.1631759111665366 0.925416578398323 -0.3420201433256684
1.809672070682723e-15 0.9848077530122081 -0.1736481776669299
0.9848077530122079 -1.476030927001749e-15 0.1736481776669305
0.9396926207859083 -1.408412317950276e-15 0.3420201433256689
1.837589179357618e-15 1 2.220446049250313e-16
-9.084525812555366e-16 -0.8660254037844386 0.5000000000000001
-0.9254165783983228 0.1631759111665376 0.3420201433256689
-0.1736481776669314 -0.984807753012208 -2.220446049250313e-16
-0.9848077530122077 0.1736481776669334 -2.220446049250313e-16
-0.1631759111665331 0.9254165783983236 0.3420201433256689
1 -1.498801083243961e-15 2.220446049250313e-16
0.7660444431189793 0.6427876096865379 0
0.9848077530122084 0.1736481776669288 2.220446049250313e-16
0.9848077530122079 -1.476030927001749e-15 0.1736481776669305
-0.1503837331804362 -0.8528685319524432 0.5
0.9848077530122081 -1.476030927001749e-15 -0.1736481776669299
-0.9698463103929535 0.1710100716628373 -0.1736481776669299
-0.9254165783983228 0.1631759111665376 0.3420201433256689
0.1710100716628361 0.9698463103929539 -0.1736481776669301
1 -1.498801083243961e-15 2.220446049250313e-16
-1 2.342910729165048e-15 2.220446049250313e-16
0.9254165783983231 -0.1631759111665361 0.3420201433256687
1.726768991878387e-15 0.9396926207859083 -0.3420201433256684
1 -1.498801083243961e-15 2.220446049250313e-16
0.9698463103929538 -0.1710100716628357 0.1736481776669306
-1.048990684667789e-15 -1 2.220446049250313e-16
1.809672070682723e-15 0.9848077530122079 0.1736481776669305
1 -1.498801083243961e-15 2.220446049250313e-16
0.9396926207859083 -1.408412317950276e-15 0.3420201433256689
0.1503837331804344 -0.8528685319524432 -0.5
-0.9698463103929535 0.1710100716628373 -0.1736481776669299
0.9396926207859083 -1.408412317950276e-15 -0.3420201433256684
0.8137976813493732 -0.296198132726025 0.5000000000000002
0.969846310392954 -0.1710100716628357 -0.1736481776669305
1.809672070682723e-15 0.9848077530122079 0.1736481776669305
-0.984807753012208 -0.1736481776669303 2.220446049250313e-16
-1.033054159098423e-15 -0.9848077530122079 0.1736481776669305
1.726768991878387e-15 0.9396926207859083 -0.3420201433256684
0.9848077530122079 -1.476030927001749e-15 0.1736481776669305
-0.8660254037844388 -1.060575238724907e-16 -0.4999999999999998
1.726768991878387e-15 0.9396926207859083 0.3420201433256689
1 -1.498801083243961e-15 2.220446049250313e-16
0.7544065067354887 -0.13302222155949 0.6427876096865395
-0.9698463103929541 -0.1710100716628343 0.1736481776669305
1.726768991878387e-15 0.9396926207859083 0.3420201433256689
0.9848077530122081 -1.476030927001749e-15 -0.1736481776669299
1.809672070682723e-15 0.9848077530122079 0.1736481776669305
1.591398911043096e-15 0.8660254037844386 0.5000000000000001
-0.9848077530122079 -1.206041662501897e-16 0.1736481776669305
-0.9396926207859083 -1.15079156022785e-16 0.3420201433256689
1.809672070682723e-15 0.9848077530122079 0.1736481776669305
1.809672070682723e-15 0.9848077530122079 0.1736481776669305
-0.1503837331804338 0.8528685319524437 -0.5
-0.9254165783983228 0.1631759111665376 0.3420201433256689
0.9254165783983235 0.1631759111665333 0.3420201433256691
0.9254165783983231 -0.1631759111665361 0.3420201433256687
1 -1.498801083243961e-15 2.220446049250313e-16
0.969846310392954 -0.1710100716628357 -0.1736481776669305
0.6330222215594903 0.7544065067354877 0.1736481776669305
1.591398911043097e-15 0.8660254037844388 -0.4999999999999998
0.8528685319524432 -0.1503837331804365 -0.4999999999999998
0.8528685319524429 -0.1503837331804365 0.5000000000000002
1.591398911043097e-15 0.8660254037844388 -0.4999999999999998
0.9848077530122079 -1.476030927001749e-15 0.1736481776669305
0.9254165783983236 0.1631759111665334 -0.3420201433256684
0.7544065067354901 0.6330222215594876 -0.1736481776669296
-0.984807753012208 -0.1736481776669303 2.220446049250313e-16
0.9848077530122081 -1.476030927001749e-15 -0.1736481776669299
0.3213938048432687 -0.8830222215594893 -0.3420201433256682
0.3213938048432687 -0.8830222215594893 -0.3420201433256682
0.1710100716628333 -0.9698463103929541 0.1736481776669307
1.726768991878387e-15 0.9396926207859083 0.3420201433256689
0.9848077530122079 -0.1736481776669318 0
0.9698463103929544 0.1710100716628329 -0.1736481776669299
0.9848077530122081 -1.476030927001749e-15 -0.1736481776669299
0.9848077530122079 -1.476030927001749e-15 0.1736481776669305
1.809672070682723e-15 0.9848077530122081 -0.1736481776669299
1.809672070682723e-15 0.9848077530122081 -0.1736481776669299
1.809672070682723e-15 0.9848077530122079 0.1736481776669305
0.8528685319524432 -0.1503837331804365 -0.4999999999999998
1.726768991878387e-15 0.9396926207859083 0.3420201433256689
-0.9396926207859083 -1.15079156022785e-16 -0.3420201433256684
-0.9848077530122081 2.307316650697225e-15 -0.1736481776669299
0.9396926207859083 -1.408412317950276e-15 0.3420201433256689
0.7544065067354887 -0.13302222155949 0.6427876096865395
0.9254165783983231 -0.1631759111665361 0.3420201433256687
-0.1330222215594876 0.754406506735489 0.6427876096865397
0.1710100716628361 0.9698463103929538 0.1736481776669305
1.837589179357618e-15 1 2.220446049250313e-16
0.9698463103929542 0.1710100716628328 0.1736481776669307
1 -1.498801083243961e-15 2.220446049250313e-16
-0.9698463103929541 -0.1710100716628343 0.1736481776669305
0.2961981327260231 -0.8137976813493742 -0.5
1 -1.498801083243961e-15 2.220446049250313e-16
1 -1.498801083243961e-15 2.220446049250313e-16
0.3213938048432687 -0.8830222215594893 -0.3420201433256682
-0.8137976813493729 0.2961981327260261 0.5
0.766044443118978 -1.148148241159741e-15 -0.6427876096865393
-1.033054159098423e-15 -0.9848077530122079 0.1736481776669305
1.837589179357618e-15 1 2.220446049250313e-16
0.7660444431189779 -1.148148241159741e-15 0.6427876096865395
-0.1503837331804362 -0.8528685319524432 0.5
0.939692620785909 0.3420201433256673 0
0.8660254037844386 -1.297999813308905e-15 0.5000000000000001
0.8528685319524429 -0.1503837331804365 0.5000000000000002
0.1710100716628361 0.9698463103929538 0.1736481776669305
-0.9396926207859083 -1.15079156022785e-16 0.3420201433256689
-0.1503837331804362 -0.8528685319524432 0.5
0.8528685319524432 -0.1503837331804365 -0.4999999999999998
0.3213938048432687 -0.8830222215594893 0.3420201433256689
-0.1503837331804337 0.8528685319524435 0.5
0.9396926207859083 -1.408412317950276e-15 -0.3420201433256684
-9.857288056554789e-16 -0.9396926207859083 -0.3420201433256684
1 -1.498801083243961e-15 2.220446049250313e-16
-0.9698463103929543 -0.1710100716628343 -0.1736481776669301
0.9848077530122079 -1.476030927001749e-15 0.1736481776669305