0.3368240888334669 0.9254165783983226 0.1736481776669306
0.3213938048432713 0.8830222215594884 -0.3420201433256684
0.5000000000000017 0.8660254037844377 -2.220446049250313e-16
0.1503837331804369 0.8528685319524429 0.5
0.7198463103929534 -0.6040227735550545 0.3420201433256689
0.4924038765061056 0.8528685319524422 0.1736481776669305
0.1710100716628361 0.9698463103929539 -0.1736481776669301
0.7544065067354901 0.6330222215594875 0.1736481776669305
0.3368240888334669 0.9254165783983226 0.1736481776669306
0.9848077530122081 -1.476030927001749e-15 -0.1736481776669299
0.866025403784438 -0.5000000000000012 1.110223024625157e-16
0.4698463103929557 0.8137976813493728 0.3420201433256688
0.925416578398323 -0.3368240888334665 -0.1736481776669303
0.7544065067354901 0.6330222215594875 0.1736481776669305
0.4698463103929558 0.8137976813493728 -0.3420201433256684
0.4698463103929557 0.8137976813493728 0.3420201433256688
0.7198463103929553 0.6040227735550523 0.3420201433256689
0.4924038765061058 0.8528685319524424 -0.1736481776669301
0.4924038765061058 0.8528685319524424 -0.1736481776669301
0.6634139481689394 0.5566703992264181 0.5000000000000001
1 -1.498801083243961e-15 2.220446049250313e-16
0.9698463103929538 -0.1710100716628357 0.1736481776669306
0.6427876096865408 0.7660444431189768 0
-0.4999999999999983 0.8660254037844396 1.110223024625157e-16
0.2961981327260254 0.8137976813493732 -0.4999999999999998
0.6427876096865408 0.7660444431189768 0
-0.6427876096865376 0.7660444431189795 2.220446049250313e-16
0.6634139481689394 0.5566703992264181 0.5000000000000001
0.6427876096865408 0.7660444431189768 0
0.3368240888334669 0.9254165783983226 0.1736481776669306
0.4698463103929558 0.8137976813493728 -0.3420201433256684
0.5868240888334662 0.492403876506103 -0.6427876096865393
0.9396926207859079 -0.3420201433256701 0
0.6330222215594903 0.7544065067354877 0.1736481776669305
0.7544065067354901 0.6330222215594876 -0.1736481776669296
0.4924038765061058 0.8528685319524424 -0.1736481776669301
0.6330222215594905 0.7544065067354877 -0.1736481776669301
0.8528685319524442 0.4924038765061027 -0.1736481776669301
1.809672070682723e-15 0.9848077530122079 0.1736481776669305
0.8528685319524427 -0.4924038765061051 -0.1736481776669301
0.6040227735550551 0.7198463103929531 -0.3420201433256687
0.6040227735550551 0.7198463103929531 -0.3420201433256687
0.4698463103929558 0.8137976813493728 -0.3420201433256684
0.6330222215594903 0.7544065067354877 0.1736481776669305
0.7198463103929553 0.6040227735550523 0.3420201433256689
0.6040227735550551 0.7198463103929531 -0.3420201433256687
0.7500000000000009 0.4330127018922181 -0.4999999999999998
0.7660444431189793 0.6427876096865379 0
0.939692620785909 0.3420201433256673 0
0.6330222215594905 0.7544065067354877 -0.1736481776669301
-0.6330222215594874 0.7544065067354906 -0.1736481776669301
0.2961981327260254 0.8137976813493731 0.5000000000000001
1 -1.498801083243961e-15 2.220446049250313e-16
0.9396926207859083 -1.408412317950276e-15 -0.3420201433256684
0.8528685319524438 0.4924038765061024 0.1736481776669307
0.1631759111665365 0.9254165783983231 0.3420201433256685
-0.6330222215594874 0.7544065067354906 -0.1736481776669301
0.7198463103929553 0.6040227735550523 -0.3420201433256684
0.5000000000000017 0.8660254037844377 -2.220446049250313e-16
0.6634139481689395 0.5566703992264183 -0.5
0.6330222215594905 0.7544065067354877 -0.1736481776669301
0.8528685319524442 0.4924038765061027 -0.1736481776669301
0.3213938048432713 0.8830222215594884 0.3420201433256688
-0.4698463103929525 0.8137976813493747 0.3420201433256688
-0.1736481776669286 0.9848077530122084 2.220446049250313e-16
0.5000000000000017 0.8660254037844377 -2.220446049250313e-16
0.3368240888334669 0.9254165783983227 -0.1736481776669301
0.2961981327260254 0.8137976813493731 0.5000000000000001
0.7198463103929553 0.6040227735550523 -0.3420201433256684
0.604022773555055 0.719846310392953 0.3420201433256689
0.4924038765061058 0.8528685319524424 -0.1736481776669301
0.4924038765061056 0.8528685319524422 0.1736481776669305
0.9396926207859083 -1.408412317950276e-15 -0.3420201433256684
0.6040227735550551 0.7198463103929531 -0.3420201433256687
0.7198463103929553 0.6040227735550523 -0.3420201433256684
1 -1.498801083243961e-15 2.220446049250313e-16
0.5566703992264188 -0.6634139481689391 -0.5
0.604022773555055 0.719846310392953 0.3420201433256689
0.5566703992264207 0.6634139481689373 -0.4999999999999996
-0.6427876096865376 0.7660444431189795 2.220446049250313e-16
0.3368240888334669 0.9254165783983227 -0.1736481776669301
0.8660254037844396 0.4999999999999986 0
0.1710100716628361 0.9698463103929538 0.1736481776669305
0.8660254037844396 0.4999999999999986 0
0.8528685319524442 0.4924038765061027 -0.1736481776669301
0.8830222215594895 0.3213938048432682 -0.3420201433256684
0.9848077530122084 0.1736481776669288 2.220446049250313e-16
1.726768991878387e-15 0.9396926207859083 0.3420201433256689
1.726768991878387e-15 0.9396926207859083 -0.3420201433256684
0.9254165783983231 -0.1631759111665361 0.3420201433256687
1.591398911043096e-15 0.8660254037844386 0.5000000000000001
1 -1.498801083243961e-15 2.220446049250313e-16
0.5868240888334662 0.492403876506103 -0.6427876096865393
0.8528685319524438 0.4924038765061024 0.1736481776669307
0.5868240888334662 0.492403876506103 -0.6427876096865393
0.7198463103929553 0.6040227735550523 0.3420201433256689
0.4924038765061058 0.8528685319524424 -0.1736481776669301
0.7544065067354901 0.6330222215594875 0.1736481776669305
-0.4924038765061022 0.8528685319524441 0.1736481776669307
0.604022773555055 0.719846310392953 0.3420201433256689
0.4924038765061058 0.8528685319524424 -0.1736481776669301
-0.7198463103929527 0.6040227735550554 0.3420201433256688
0.3420201433256705 0.9396926207859078 1.110223024625157e-16
0.8528685319524427 -0.4924038765061051 -0.1736481776669301
0.939692620785909 0.3420201433256673 0
-0.4698463103929525 0.8137976813493747 0.3420201433256688
1.809672070682723e-15 0.9848077530122081 -0.1736481776669299
0.3368240888334669 0.9254165783983226 0.1736481776669306
0.7198463103929553 0.6040227735550523 -0.3420201433256684
0.8660254037844396 0.4999999999999986 0
1.726768991878387e-15 0.9396926207859083 -0.3420201433256684
0.7198463103929553 0.6040227735550523 -0.3420201433256684
0.4924038765061058 0.8528685319524424 -0.1736481776669301
-0.6427876096865376 0.7660444431189795 2.220446049250313e-16
0.1330222215594904 0.7544065067354886 0.6427876096865395
1.837589179357618e-15 1 2.220446049250313e-16
0.7544065067354901 0.6330222215594875 0.1736481776669305
0.7544065067354901 0.6330222215594875 0.1736481776669305
0.8528685319524442 0.4924038765061027 -0.1736481776669301
0.6330222215594903 0.7544065067354877 0.1736481776669305
0.3368240888334669 0.9254165783983226 0.1736481776669306
0.7660444431189793 0.6427876096865379 0
0.6330222215594903 0.7544065067354877 0.1736481776669305
0.4924038765061058 0.8528685319524424 -0.1736481776669301
0.9848077530122084 0.1736481776669288 2.220446049250313e-16
0.7544065067354901 0.6330222215594875 0.1736481776669305
0.8137976813493741 0.2961981327260225 0.5
0.7544065067354901 0.6330222215594876 -0.1736481776669296
0.5566703992264207 0.6634139481689373 -0.4999999999999996
-0.433012701892218 0.7500000000000011 -0.5
0.6634139481689394 0.5566703992264181 0.5000000000000001
0.7544065067354901 0.6330222215594876 -0.1736481776669296
0.4330127018922208 0.7499999999999991 0.5
0.9848077530122084 0.1736481776669288 2.220446049250313e-16
0.4698463103929557 0.8137976813493728 0.3420201433256688
0.6634139481689389 0.3830222215594878 0.6427876096865396
0.7544065067354901 0.6330222215594876 -0.1736481776669296
0.939692620785909 0.3420201433256673 0
0.3830222215594903 0.6634139481689377 -0.6427876096865397
-0.4924038765061022 0.8528685319524441 0.1736481776669307
0.866025403784438 -0.5000000000000012 1.110223024625157e-16
-0.7544065067354875 0.6330222215594908 -0.1736481776669301
0.3368240888334669 0.9254165783983227 -0.1736481776669301
0.9254165783983237 0.3368240888334636 0.1736481776669305
0.6330222215594903 0.7544065067354877 0.1736481776669305
0.5000000000000017 0.8660254037844377 -2.220446049250313e-16
0.7198463103929553 0.6040227735550523 0.3420201433256689
1.837589179357618e-15 1 2.220446049250313e-16
0.7544065067354901 0.6330222215594876 -0.1736481776669296
1.809672070682723e-15 0.9848077530122079 0.1736481776669305
0.4924038765061058 0.8528685319524424 -0.1736481776669301
0.4698463103929558 0.8137976813493728 -0.3420201433256684
0.9848077530122081 -1.476030927001749e-15 -0.1736481776669299
1.837589179357618e-15 1 2.220446049250313e-16
0.7544065067354901 0.6330222215594876 -0.1736481776669296
0.6634139481689394 0.5566703992264181 0.5000000000000001
0.4330127018922208 0.7499999999999991 0.5
0.7198463103929553 0.6040227735550523 0.3420201433256689
0.4924038765061058 0.8528685319524424 -0.1736481776669301
0.5566703992264206 0.6634139481689373 0.5000000000000001
0.5566703992264206 0.6634139481689373 0.5000000000000001
0.5566703992264206 0.6634139481689373 0.5000000000000001
1.809672070682723e-15 0.9848077530122079 0.1736481776669305
0.9848077530122084 0.1736481776669288 2.220446049250313e-16
-0.7198463103929528 0.6040227735550553 -0.3420201433256684
0.4924038765061058 0.8528685319524424 -0.1736481776669301
0.939692620785909 0.3420201433256673 0
0.9848077530122084 0.1736481776669288 2.220446049250313e-16
0.1631759111665366 0.925416578398323 -0.3420201433256684
0.9848077530122079 -1.476030927001749e-15 0.1736481776669305
0.3368240888334669 0.9254165783983227 -0.1736481776669301
0.7198463103929553 0.6040227735550523 -0.3420201433256684
0.4698463103929558 0.8137976813493728 -0.3420201433256684
0.7544065067354901 0.6330222215594876 -0.1736481776669296
0.3213938048432713 0.8830222215594884 0.3420201433256688
0.7544065067354901 0.6330222215594876 -0.1736481776669296
0.939692620785909 0.3420201433256673 0
0.5566703992264206 0.6634139481689373 0.5000000000000001
0.1631759111665365 0.9254165783983231 0.3420201433256685
0.4698463103929558 0.8137976813493728 -0.3420201433256684
0.3213938048432713 0.8830222215594884 -0.3420201433256684
0.7544065067354901 0.6330222215594876 -0.1736481776669296
-0.4924038765061024 0.8528685319524442 -0.1736481776669296
0.8830222215594885 -0.3213938048432708 -0.3420201433256684
0.6040227735550551 0.7198463103929531 -0.3420201433256687
0.6427876096865385 -0.7660444431189788 -2.220446049250313e-16
0.4330127018922208 0.7499999999999991 0.5
0.3830222215594903 0.6634139481689377 -0.6427876096865397
0.4924038765061056 0.8528685319524422 0.1736481776669305
0.6427876096865408 0.7660444431189768 0
0.4924038765061058 0.8528685319524424 -0.1736481776669301
0.3368240888334669 0.9254165783983226 0.1736481776669306
0.8137976813493745 0.4698463103929528 -0.3420201433256684
0.604022773555053 -0.7198463103929548 -0.3420201433256684
0.5566703992264207 0.6634139481689373 -0.4999999999999996
0.5566703992264188 -0.6634139481689391 -0.5
0.3368240888334669 0.9254165783983227 -0.1736481776669301
-0.4999999999999983 0.8660254037844396 1.110223024625157e-16
0.4698463103929557 0.8137976813493728 0.3420201433256688
-0.3213938048432681 0.8830222215594897 -0.3420201433256687
0.7198463103929553 0.6040227735550523 -0.3420201433256684
-0.604022773555052 0.7198463103929555 0.3420201433256689
0.5000000000000017 0.8660254037844377 -2.220446049250313e-16
0.6040227735550551 0.7198463103929531 -0.3420201433256687
0.939692620785909 0.3420201433256673 0
0.3368240888334669 0.9254165783983226 0.1736481776669306
0.8528685319524438 0.4924038765061024 0.1736481776669307
-0.2961981327260224 0.8137976813493744 -0.4999999999999998
0.6330222215594903 0.7544065067354877 0.1736481776669305
0.586824088833466 0.4924038765061028 0.6427876096865395
0.7198463103929553 0.6040227735550523 -0.3420201433256684
0.9698463103929544 0.1710100716628329 -0.1736481776669299
0.6427876096865408 0.7660444431189768 0
-0.6330222215594874 0.7544065067354906 -0.1736481776669301
0.4330127018922208 0.7499999999999991 0.5
-0.4698463103929525 0.8137976813493747 0.3420201433256688
0.3368240888334669 0.9254165783983227 -0.1736481776669301
1.407674979582467e-15 0.766044443118978 -0.6427876096865393
0.9698463103929544 0.1710100716628329 -0.1736481776669299
1.591398911043096e-15 0.8660254037844386 0.5000000000000001
0.3368240888334669 0.9254165783983226 0.1736481776669306
0.6040227735550551 0.7198463103929531 -0.3420201433256687
0.7544065067354901 0.6330222215594875 0.1736481776669305
0.5566703992264206 0.6634139481689373 0.5000000000000001
0.9254165783983237 0.3368240888334636 0.1736481776669305
0.7500000000000007 0.433012701892218 0.5000000000000002
0.7198463103929553 0.6040227735550523 0.3420201433256689
0.4698463103929557 0.8137976813493728 0.3420201433256688
-0.6427876096865376 0.7660444431189795 2.220446049250313e-16
0.9848077530122081 -1.476030927001749e-15 -0.1736481776669299
0.4698463103929558 0.8137976813493728 -0.3420201433256684
0.6634139481689394 0.5566703992264181 0.5000000000000001
0.4698463103929557 0.8137976813493728 0.3420201433256688
0.8137976813493745 0.4698463103929528 -0.3420201433256684
0.6427876096865408 0.7660444431189768 0
0.8528685319524429 -0.1503837331804365 0.5000000000000002
0.7544065067354901 0.6330222215594876 -0.1736481776669296
0.4698463103929558 0.8137976813493728 -0.3420201433256684
0.5000000000000017 0.8660254037844377 -2.220446049250313e-16
0.7660444431189793 0.6427876096865379 0
0.8528685319524438 0.4924038765061024 0.1736481776669307
0.7660444431189793 0.6427876096865379 0
-0.4924038765061024 0.8528685319524442 -0.1736481776669296
0.7660444431189772 -0.6427876096865403 1.110223024625157e-16
-0.4698463103929526 0.8137976813493747 -0.3420201433256687
0.1736481776669322 0.9848077530122079 0
0.9254165783983237 0.3368240888334636 0.1736481776669305
0.4330127018922208 0.7499999999999991 -0.4999999999999996
0.7660444431189793 0.6427876096865379 0
0.3368240888334669 0.9254165783983226 0.1736481776669306
0.3213938048432713 0.8830222215594884 -0.3420201433256684
-0.7544065067354875 0.6330222215594908 -0.1736481776669301
0.6634139481689395 0.5566703992264183 -0.5
0.1503837331804369 0.8528685319524432 -0.5
0.1736481776669322 0.9848077530122079 0
0.8528685319524438 0.4924038765061024 0.1736481776669307
0.8660254037844396 0.4999999999999986 0
0.5566703992264188 -0.6634139481689391 -0.5
0.6330222215594903 0.7544065067354877 0.1736481776669305
0.7198463103929553 0.6040227735550523 -0.3420201433256684
0.8660254037844396 0.4999999999999986 0
0.604022773555055 0.719846310392953 0.3420201433256689
-0.556670399226418 0.6634139481689397 -0.5
0.939692620785909 0.3420201433256673 0
0.6330222215594903 0.7544065067354877 0.1736481776669305
0.6634139481689394 0.5566703992264181 0.5000000000000001
0.9848077530122084 0.1736481776669288 2.220446049250313e-16
1.591398911043097e-15 0.8660254037844388 -0.4999999999999998
0.8528685319524442 0.4924038765061027 -0.1736481776669301
0.8660254037844386 -1.297999813308905e-15 0.5000000000000001
0.6330222215594905 0.7544065067354877 -0.1736481776669301
0.6427876096865408 0.7660444431189768 0
0.8528685319524427 -0.4924038765061051 -0.1736481776669301
-0.6330222215594872 0.7544065067354903 0.1736481776669307
0.9848077530122084 0.1736481776669288 2.220446049250313e-16
0.7198463103929553 0.6040227735550523 0.3420201433256689
0.8528685319524427 -0.4924038765061051 -0.1736481776669301
0.4924038765061051 0.5868240888334642 0.6427876096865395
0.7198463103929553 0.6040227735550523 -0.3420201433256684
0.8660254037844386 -1.297999813308905e-15 0.5000000000000001
0.754406506735488 -0.6330222215594898 0.1736481776669306
0.939692620785909 0.3420201433256673 0
0.8660254037844396 0.4999999999999986 0
0.7500000000000007 0.433012701892218 0.5000000000000002
0.3830222215594902 0.6634139481689376 0.6427876096865395
0.7198463103929533 -0.6040227735550546 -0.3420201433256684
0.3830222215594883 -0.6634139481689387 -0.6427876096865393
0.6634139481689394 0.5566703992264181 0.5000000000000001
0.3420201433256705 0.9396926207859078 1.110223024625157e-16
0.7500000000000009 0.4330127018922181 -0.4999999999999998
0.1631759111665365 0.9254165783983231 0.3420201433256685
0.6634139481689389 0.3830222215594878 0.6427876096865396
0.4924038765061056 0.8528685319524422 0.1736481776669305
0.8660254037844396 0.4999999999999986 0
0.6330222215594905 0.7544065067354877 -0.1736481776669301
0.7544065067354901 0.6330222215594875 0.1736481776669305
0.939692620785909 0.3420201433256673 0
0.5566703992264207 0.6634139481689373 -0.4999999999999996
0.4698463103929557 0.8137976813493728 0.3420201433256688
0.6040227735550551 0.7198463103929531 -0.3420201433256687
0.1710100716628361 0.9698463103929539 -0.1736481776669301
0.7500000000000009 0.4330127018922181 -0.4999999999999998
0.7544065067354901 0.6330222215594876 -0.1736481776669296
0.754406506735488 -0.6330222215594898 0.1736481776669306
0.8137976813493745 0.4698463103929528 -0.3420201433256684
0.9396926207859083 -1.408412317950276e-15 0.3420201433256689
0.9848077530122079 -1.476030927001749e-15 0.1736481776669305
0.9848077530122079 -1.476030927001749e-15 0.1736481776669305
0.604022773555055 0.719846310392953 0.3420201433256689
0.9848077530122079 -1.476030927001749e-15 0.1736481776669305
0.3368240888334669 0.9254165783983227 -0.1736481776669301
0.5566703992264207 0.6634139481689373 -0.4999999999999996
0.7660444431189793 0.6427876096865379 0
0.6330222215594905 0.7544065067354877 -0.1736481776669301
0.7198463103929553 0.6040227735550523 -0.3420201433256684
0.7544065067354901 0.6330222215594876 -0.1736481776669296
0.6634139481689395 0.5566703992264183 -0.5
0.8660254037844396 0.4999999999999986 0
0.6427876096865408 0.7660444431189768 0
0.7198463103929534 -0.6040227735550545 0.3420201433256689
0.7500000000000007 0.433012701892218 0.5000000000000002
0.8830222215594885 -0.3213938048432708 0.3420201433256688
1 -1.498801083243961e-15 2.220446049250313e-16
0.7500000000000007 0.433012701892218 0.5000000000000002
0.2961981327260254 0.8137976813493731 0.5000000000000001
0.6330222215594903 0.7544065067354877 0.1736481776669305
0.8528685319524438 0.4924038765061024 0.1736481776669307
0.8660254037844396 0.4999999999999986 0
0.8528685319524427 -0.4924038765061051 -0.1736481776669301
0.9848077530122079 -0.1736481776669318 0
0.7544065067354901 0.6330222215594876 -0.1736481776669296
0.6427876096865408 0.7660444431189768 0
0.9396926207859083 -1.408412317950276e-15 0.3420201433256689
1.809672070682723e-15 0.9848077530122079 0.1736481776669305
0.3368240888334669 0.9254165783983227 -0.1736481776669301
-0.6330222215594874 0.7544065067354906 -0.1736481776669301
0.4924038765061056 0.8528685319524422 0.1736481776669305
0.7198463103929544 0.2620026302293837 0.6427876096865395
0.925416578398323 -0.3368240888334665 -0.1736481776669303
0.939692620785909 0.3420201433256673 0
0.3420201433256705 0.9396926207859078 1.110223024625157e-16
0.4330127018922208 0.7499999999999991 0.5
0.1710100716628361 0.9698463103929538 0.1736481776669305
0.866025403784438 -0.5000000000000012 1.110223024625157e-16
0.8830222215594895 0.3213938048432682 0.3420201433256688
0.4330127018922208 0.7499999999999991 -0.4999999999999996
0.9698463103929538 -0.1710100716628357 0.1736481776669306
0.7500000000000007 0.433012701892218 0.5000000000000002
0.8528685319524442 0.4924038765061027 -0.1736481776669301
-0.6634139481689373 0.3830222215594907 0.6427876096865395
0.8528685319524442 0.4924038765061027 -0.1736481776669301
0.8528685319524424 -0.4924038765061051 0.1736481776669307
0.8528685319524438 0.4924038765061024 0.1736481776669307