2247.045099863786
1736.173995333668
1045.302809604848
2487.229476111364
2222.111213779409
1125.607035735239
1617.33418572397
1998.445666276423
986.8359363437689
2353.823608615731
2218.133188997041
813.6034701423819
2029.048902667898
1466.436487954183
1232.813202922461
966.610922403006
726.0802727651514
791.9833622239596
1029.350366406473
1410.987286717604
2477.513902798558
2433.360814343689
1106.667838993798
1975.327672411889
1349.493406124946
982.9007365644218
2452.97283734473
886.609322169846
1205.987545912301
927.8753704824389
1173.528458321705
1272.703978900925
1883.477184426016
1822.666415615184
1062.584989789665
2202.803802755938
1495.025288655911
930.5384576708509
2265.619805893413
2457.938594305427
787.3448400865187
1173.003117290954
1425.455211015388
835.4032451281985
709.2702284980589
1792.65325413855
1200.946352799881
1197.363628276108
1729.155871128939
1192.454275922548
2436.227143952509
1358.876538554357
2460.127378281324
2189.330268497829
863.5882441770468
1783.1185491643
2441.571193933148
916.1672068383776
1659.099948208995
1002.561130452071
723.3225391876294
976.9555535594034
1317.66544396262
1707.411491515977
2361.715357133887
1051.809716041097
1183.360744794898
1419.337916734971
1091.018804008257
1052.580516484877
903.6507605411871
815.8991867573804
2354.359716655624
654.2123447862712
632.8397588713362
2033.332694640376
2338.692727160183
1076.901063739427
1551.904983801308
2767.468468083522
1438.454892642791
941.335904881671
1466.111374848307
865.0574535255934
1501.617401658049
1751.00387786566
1978.010114257499
1945.250464661207
1870.116907651022
2723.945651439568
2094.235876647908
2199.754675905093
1212.187359619933
801.754278237831
1378.466850782891
1035.787155091167
822.5989516462209
698.9090755126539
1847.838283175729
1159.933482241089
812.4430764658507
3063.873256520631
1485.08901917268
2217.176513040163
903.8846430559202
1637.013338552
2030.189717007642
1109.43897869897
1370.912061216098
970.3672371309145
2224.812259961715
1112.143617995432
953.4783833129565
2919.122108584027
1643.070873147529
2223.156491701161
1547.438893119729
722.798010729706
1801.761615367167
1193.399629720211
918.8486437013942
2041.829729999205
819.8262715270276
953.3138705266559
1499.973814338372
1208.838909355635
1931.842814716985
720.866482473347
1283.569318736829
1715.585474085357
1537.578559702292
1235.262519026085
1544.484660424179
2347.630000362084
897.0633669606123
1259.298362146248
1282.238906421074
1934.379118915962
1444.245831960726
1994.097961377309
2343.952206984396
3085.643032525822
1393.526446629673
1829.916269286442
922.3507369287381
1415.330584730593
785.9959274853567
2189.611024484798
918.6312405824815
1928.858571412783
1235.812942522213
1135.235418149092
2523.5992551862
2039.310855818941
1314.114778890236
1046.596392766352
897.9724839734301
1135.100518881133
1636.804976437218
1418.464545753995
929.6553044339543
1006.659679358276
2183.89196562466
2073.692594423759
2886.534490045254
828.1756195840539
2188.357339326001
1700.510946489202
2398.377129171552
2216.131607778556
1447.681049487076
714.3639326908412
1434.365078746374
1981.411602921027
1485.775470785329
895.3083342004621
1682.408279675225
959.8968376918095
1711.943490342727
1622.35942301262
1369.56243644761
1293.58148846373
2438.879179030683
1731.256640700836
1723.573272986323
2609.911866923998
982.0635236906792
1152.235233038744
1656.723356015907
1118.721288707605
1094.078527175907
967.2652025988014
1207.994732844531
2746.681132402467
1064.473881440799
2379.688444135884
2324.899183192088
1953.53955509351
891.7055110283762
1872.900111647867
794.9186711300597
2482.76165481418
923.3261954012073
837.0894853328155
1466.557189435865
960.7401056292122
792.1180905897297
1680.145513855708
762.7744390322562
1315.646551615684
1046.346395720647
1807.062265593085
879.8678119416736
2807.745114075356
1112.53219424924
2093.683714627959
934.2694475759337
2412.780342635667
1806.216181899581
1865.035246008536
1150.745652491818
1232.505366561531
1130.869625648054
1048.484080244833
2137.483434259811
864.8832585493736
1077.651389134922
1398.325216834899
2357.35727018291
2229.82458397133
889.5479922447378
1330.877808404395
1272.557781435018
994.1445161259494
1100.205402889784
2780.709996618421
838.9186931747472
1610.830790409788
800.4245285275827
1139.834112073406
1765.273531862184
1089.437893758022
2184.972055151948
2448.247996223543
2009.77477310373
2028.708472185505
1925.21822726912
1185.036675039715
659.0500716302072
1004.826254408154
1342.360777687453
3105.294276559827
1424.768651127161
1701.304754465131
2237.769539288735
1014.905659222848
832.2649953801931
2267.835250226249
1946.629023330896
1044.344930389117
796.309979261157
1653.19996106839
1988.950408123009
1345.759108039492
1204.899870368803
847.9704338910929
2245.84888403236
2046.178204779956
832.4056579089743
2635.110195535216
1597.463217803417
1719.474966226757
2315.051496638003
2522.763955353082
1964.080502641978
1073.048550520363
2187.017312912964
1264.054428022141
753.9191450211138
2565.860367595836
2294.441368562377
1515.330844199199
774.1771330517445
834.487256379515
1367.335845574088
2414.600245596373
2313.173362183603
1253.740245405085
888.3620005099324
1556.303399912102
1871.611948290314
1271.837665890783
1589.734823034392
806.6905232725214
1554.129343570033
671.9165282470783
1854.202893930239
1900.701753573425
1325.831923282449
1525.562567621149
1671.866461655764
1369.179718892433
657.9937353009283
2438.776431549173
1036.346623979185
2733.296351023517
2346.299852192194
2261.357947703538
919.5633438754203
2154.499651262029
1100.855999633823
972.9811477198183
1053.323895339905
778.0734315144051
1214.064247776093
1356.246425550181
1751.1772886289
1447.429928003997
2194.362515901789
2700.916511990965
915.6105757465301
1821.92141179571
2170.115655715932
1760.988046391367
1188.386986261844
725.2934178093403
1674.663427765643
782.5218438961849
2373.198867631228
2519.507586406467
1070.96484976484
1018.613325938752
2203.977324302224
2177.007072531628
1598.656015821436
2807.745114075356
849.7844014688172
1635.876428602709
1891.726455905625
1505.730922199373
1491.049683290628
1250.025114331192
1728.639057905656
2135.284628105897
1709.377641005337
1569.455172105836
2596.544763006412
1569.591128996241
867.2436111732032
2335.051944956331
935.2150132347082
2000.785406719196
831.1060119453658