67747214391.69601
17547397930.11144
1777944482.820803
93064653399.88156
34173855725.33053
2103582036.479214
67655949428.94672
11626971941.92435
1204656062.053578
214009449652.5449
21086201079.7307
1027286072.296434
15252631883.973
4574515441.411103
9600401879.308691
1679470363.578723
866698282.0039536
1055472894.615953
1333039616.590852
6011081815.4938
180201090621.6717
1070172227575.546
3840095788.568655
9276733032.137115
1707238804.386323
3824722935.523513
58420223375.75735
2525268913.858434
4685940228.059861
1468139410.87625
1839816155.615231
2806086250.857575
11288926738.01457
8405098653.498221
2637509608.143221
29871081962.32182
3586778094.029769
1482834172.196478
723196121313.7334
59292751120.99651
1135637523.381851
2164406744.270846
8455056358.879281
2004566321.122092
904741630.4271985
11377607410.54177
1630692752.726846
7779299000.707767
3886029432.030704
3764117620.252627
71478241136.09584
29880653381.60656
272408580686.8489
134625334828.6707
1132059812.707757
49067210489.81342
74039877730.96069
2906684780.284385
2912573374.968317
2649958049.093578
738804655.8877724
1071518803.417707
1223931101.895027
9466705637.395401
460448372513.8936
1498738275.326128
1068674635.426808
1796196627.04342
1822047381.896033
3646829731.595998
1175493309.803519
1254378052.157241
172987138967.9601
492093052.0797555
410814207.7182452
203150303800.0455
132352617469.4543
2243821645.582146
3759226174.343498
144262087478.5774
1488466793.437851
1160593022.428242
38527360163.7496
1053690333.967014
1607553820.39048
15354903542.26532
61920820373.4147
91471440635.75635
229776997332.642
296038323974.0024
73735340913.35217
264370235839.6867
4772372484.728714
975770799.0663097
3494381899.604347
1915668188.596503
1369980327.840568
791417580.9153055
8613340211.414492
2517544622.231694
1047499297.805258
236113267582.1272
23461881141.5811
22718062500.02847
1026335476.374255
5206654288.925066
184898990561.4687
1244095075.128823
3093091315.151181
1548287709.416568
592325257265.052
2447523225.175499
1713298487.498361
175430940512.0047
53936503865.79786
136720528031.6327
4962638370.905499
806932936.1761047
7992944179.254216
5945552836.218225
1191357864.148378
12955574317.8658
1977321420.921809
1240678494.58895
1589534994.13464
6193530261.486165
52449992621.79787
825927009.7984793
4096845983.116561
22592642670.42871
8000563374.484101
5784407741.554314
7304334816.148122
77046805089.03178
1319459991.325521
1863163006.518417
5156858102.115258
21624809522.55951
2494514041.093572
12717465404.74302
62551041519.4254
198411703085.2357
1234889934.092738
33329410742.75016
4436320966.112654
1288572481.999027
1460077480.129853
125055392627.2722
1635616201.189167
261051818337.6877
8815988258.796705
11339609910.61347
506605982564.4412
81813738644.31885
3546474108.482506
2288435111.588621
1371393706.740049
3724439417.558697
2656071487.438367
3372768277.242895
3253683440.246079
4165808338.013029
86297578387.25853
92576999737.66949
126819163141.0581
1486705751.025751
30306195230.33609
3841452060.646977
93537503890.10222
145945257868.0092
14805859283.88785
973413332.8945416
1435137101.923893
12258387381.28954
16623773533.56179
2102092329.738637
20796862913.84429
2773042594.18429
171881522033.2924
2111605072.234383
23601412840.57168
5932448108.109993
40825850852.32262
15122220373.15656
7907768920.362673
148699511516.7625
1785673634.970803
1792611983.484024
15723594474.26099
3879933334.328947
1698461984.401258
1023848623.732863
1301693929.031419
234218091160.7659
4745422453.233498
184761786217.8728
58199156060.94951
9421076967.966806
2405787074.488314
16797390485.87823
1685860301.300787
106232150549.2991
1413158174.887903
1745354644.360151
1298193148.267423
1093833090.827744
1014015979.085424
24627165408.3429
933081649.8863584
2870710076.758248
5266196383.365942
141025266146.868
2627897414.356477
151599989799.9325
9085343722.52562
27451273542.46188
1166378219.164562
164446724530.7115
123853762147.6779
253690951224.9073
1141378050.673825
3994346705.260477
1930868421.66491
4472237474.991615
30903395794.93026
1339638133.221455
9782464993.189903
7218888339.484
50111780756.99815
180441863670.6582
1553820067.552344
2631395471.93398
1276778718.370973
1297443165.563801
2416533721.768983
689472990778.3966
1533229152.046604
2829609361.202128
934353253.2832727
2854775671.284243
4862553350.527312
7898267267.526366
31161765144.05777
102599043363.8729
11763333983.77823
47623388097.02328
29505145482.79954
7996528874.307305
474020116.1432558
1239361690.515805
15553149771.96189
411947403155.5807
3177312139.136537
110106137407.0564
40081314181.8947
1287040491.691275
1032851829.657004
132822389141.908
10968436121.0428
9984220425.042982
1195503901.349615
6279511991.405177
31010084839.01552
19961669294.27053
5371327064.810812
1607620453.695411
36820556157.8801
498126951738.217
1307658833.5609
1565874613538.229
7980754822.436006
4226710360.925452
67276985633.88277
125864692686.5987
34188580037.38634
1752623574.027199
20407536952.71031
3254055808.306262
948980763.5718211
518868098001.734
40385491797.49426
20494008167.75449
1020203507.987537
1082858463.894465
2205677635.973626
90590995403.43654
204623175820.5858
5704788383.291595
1157573716.706519
12899107243.77446
63027655653.57235
2374189071.410733
11794853028.08368
905152510.746946
4533871459.461884
660822457.4686773
16369274996.77171
17198660158.62606
12238232990.72489
4430952939.069859
47028999911.99183
1740728423.332872
465934784.1679088
84506962690.76384
1535902594.119996
351200290714.2742
156271048778.6181
60376855156.96238
2703280336.845941
348478058317.3842
1213245855.135175
4569822232.121451
3219613636.12324
1518184482.61646
7060546871.008725
5085538695.697861
15271396305.59758
16638098216.886
15238778909.82755
264551220185.9327
1298910272.210199
17599381308.02115
499531530689.2391
14904144089.9672
1918786557.012764
909510425.7885048
2405792574.582535
1104846470.875283
91045799260.87146
304172682606.2206
2211939220.678548
4411619955.764223
201028924501.363
136804243239.8092
16685166957.21623
151599989799.9325
1318990694.594975
5210852325.062962
14698200651.05695
1447509195.850893
12938949342.88884
8256420532.394249
33148419681.70783
20964904829.08192
3379068589.074603
11914732628.67561
651248898769.4448
11958736161.35857
1113105440.724588
99594216128.94438
1528597207.757418
16586059724.9194
1339343923.754174