-841.718604454403
-675.585390848622
-252.6566069544018
-955.0013058653753
-871.8699246365188
-335.3642435390029
-374.8460960096485
-678.7546948959066
-305.5828064553422
-939.5663381889508
-742.8696798611398
-168.925745992026
-751.6827217898249
-460.2370402042122
-286.3392647917088
-243.5828153461218
-107.4557911554088
-128.9516099552707
-294.3813858601296
-513.6069847528508
-1129.173729848487
-1164.698810756383
-229.6312381369434
-661.4847613154291
-608.9806581157152
-173.1725922669949
-930.1428141472411
-204.9509911558798
-267.2469312199519
-252.2312792815897
-382.7191073597804
-527.1160999099636
-729.962197396683
-621.2121534999828
-280.4904316358052
-805.5824374337449
-478.9007400272569
-215.587574270709
-879.4661340318733
-895.5222890517935
-141.1818334976898
-325.0316592406118
-452.2966565946106
-131.3618830525896
-93.04299623901113
-747.751599595428
-494.3124921311849
-236.4090720565766
-584.240073995201
-278.9281339445479
-921.1527278529015
-464.9945025913044
-936.8992178261038
-809.8748876188844
-173.2815382106934
-589.8567735294446
-847.1986934969157
-194.9482923872019
-573.0617971148902
-289.6763574006216
-98.69559385679707
-268.4128243511567
-540.8863574688843
-832.8765539206992
-982.0080909681782
-266.3829099071222
-424.9637509856879
-675.6151832427071
-324.0349789318893
-237.035078563514
-193.5045840658469
-147.8345546875511
-984.662189412237
-84.85981782642216
-76.89398740231277
-525.0993473799167
-1011.83029807368
-274.3314772279534
-658.8257097863134
-943.8432056871036
-633.9881016355123
-220.504507182907
-320.4312326263932
-188.6054354640221
-502.4436158405164
-707.3762089925074
-541.9914996186278
-610.2411821062557
-651.8568243801469
-977.6729181499481
-814.7449420543425
-682.1206750987014
-400.6350824263264
-150.488225690436
-603.9030416350705
-282.2202373732212
-169.1542999850976
-88.00766167000091
-782.7476022054581
-334.0509056289218
-169.7622380661369
-1071.8037455214
-378.815492198511
-735.1554825141968
-203.8146533776953
-793.1053142697494
-610.630419969791
-360.2295355275047
-503.0959361354729
-246.7281723591203
-698.5272732286983
-287.0824798990428
-191.2270267402561
-944.932474602768
-641.7229680047758
-841.0809904328665
-508.6856995469626
-98.8611924854668
-677.8829720753535
-299.8904935724868
-227.92943831138
-696.5833031432833
-137.8439311024857
-234.1973341915227
-531.3306861233935
-282.6847440901992
-713.0438597119196
-104.5695830514003
-456.6931137446806
-790.5275982377743
-663.204928140261
-280.9823055946009
-594.5743292189912
-897.9966341393142
-199.2914647931784
-559.6688814050613
-296.707233049106
-592.1822692825306
-675.3095712228677
-721.439330995871
-782.6525605449262
-1058.354950631796
-583.9976232568931
-503.500868287882
-167.6210652098942
-499.1063583607244
-149.8538986555816
-940.1221485038494
-191.221136291494
-538.0293214002915
-264.8894972769483
-230.7035447939996
-1015.047388093923
-755.8531347822563
-387.6323699028446
-365.5698137053941
-243.1508836268892
-388.3361712581962
-631.9747994231501
-605.3453342449069
-198.2634628736503
-265.3460789905301
-858.2286668777381
-587.0847729472508
-1028.401369987144
-166.5473051022411
-848.2547128314063
-612.0868874335305
-914.6122443370992
-633.1527255663096
-393.9489417882658
-109.9561176062386
-540.4775592583842
-665.6545557693562
-449.6978900951716
-170.9920192091144
-420.8188924573637
-211.6569996587698
-417.8056166895416
-613.06252313609
-391.8677696344733
-308.7629971031105
-833.3087453336259
-775.6849345302635
-678.0366934275841
-1205.987979148983
-286.4260036856181
-481.2866124094631
-554.5622824282226
-228.866020035369
-332.8277965780921
-286.4625127356602
-408.8500144037186
-1114.793704792243
-272.7029132077915
-1019.598262485368
-955.5869290730777
-660.7331369677471
-187.7814074127828
-813.5262614594864
-150.946160608959
-1024.956793295114
-181.8339024667887
-166.0612851053294
-550.3506301866547
-266.9671660141595
-137.007857551181
-776.0225684370945
-117.1333644488833
-580.5077828654877
-203.803523405019
-379.6095383052609
-141.9075069677083
-974.1079094254501
-286.8458458593078
-929.3245316006995
-257.8586421305804
-997.7907898053516
-445.957064483216
-569.1844439493552
-375.6380106844123
-361.0574065802325
-321.8010416004226
-276.3260584203654
-668.3368407153944
-232.1262120059104
-229.1266555255869
-449.9493954632654
-830.3482652974121
-836.9470648302872
-227.8350875465189
-560.6443350585482
-477.3916245580054
-342.4091713414564
-265.1789633192213
-909.2350782569172
-154.8797259639926
-682.5842336260491
-145.0721278124998
-283.1758724767842
-703.0610499470365
-196.9953107272517
-743.3385191511363
-1057.020408046891
-809.0818803603017
-774.2053852820018
-587.2401938574758
-289.2048762576956
-72.30384311001364
-342.5293115761625
-321.4114340519183
-1213.450648920576
-486.261053807034
-627.2387108393232
-786.9112910431171
-283.3226000804808
-157.9336607078938
-990.476730541403
-660.1527388728323
-197.7011694694205
-126.7045636815314
-550.8066724624946
-858.9597313851408
-259.0529682822013
-316.6755791978998
-191.7081419100815
-859.4951891840585
-746.842747175805
-185.1475716963853
-711.1223973039192
-510.0430301664449
-598.8252562768059
-848.6512586642709
-1026.677619707419
-563.3013045253526
-301.9823655250266
-769.4194252768377
-539.8536620724215
-143.5608037015092
-826.6554948105075
-816.6627237129251
-343.1526854630783
-129.1782931469922
-192.2216083199251
-649.6967343805195
-963.4547604933316
-994.4029532092611
-364.7796577549335
-197.2825898830068
-671.7342388823226
-690.402602954066
-566.0481657978316
-511.9658865605329
-144.0692150774043
-523.8107748361632
-82.583196017527
-555.1966125527679
-738.7279353405581
-429.5376342479066
-604.448848370247
-448.4149794597322
-574.6836920466034
-82.17277946275581
-833.2098759675455
-285.2608105843229
-1077.795946534723
-858.98414031145
-782.7180144116172
-189.2808692530836
-551.7930805837799
-378.0558131727103
-205.762551586319
-232.131171205463
-128.7128178665355
-322.3495691971253
-343.1028350216883
-762.5920349566991
-319.8767855647789
-739.8310036868861
-1130.007891296357
-277.4074117600604
-824.8579000707706
-677.0020380177494
-704.4381411525023
-512.2178502254574
-101.1306640791663
-613.1402738049314
-121.1545419147378
-829.5057610271551
-1279.28476951038
-254.0631487586004
-189.434895902648
-634.0228908732716
-831.6588084656599
-463.3045947054441
-974.1079094254501
-150.3159286177443
-766.7547644877563
-630.5978233285983
-513.4420196294452
-403.8615617885827
-439.2220090000903
-524.8979166992924
-748.1370663766196
-635.8137006765272
-622.737243853571
-1294.287740078491
-537.8628910121707
-228.9105759612446
-1037.745503689878
-199.4270519429173
-814.6788539513914
-155.1601323383315