1.809672070682723e-15 0.9848077530122079 0.1736481776669305
1.726768991878387e-15 0.9396926207859083 -0.3420201433256684
1.837589179357618e-15 1 2.220446049250313e-16
1.591398911043096e-15 0.8660254037844386 0.5000000000000001
-0.9698463103929535 0.1710100716628372 0.1736481776669305
1.809672070682723e-15 0.9848077530122079 0.1736481776669305
0.4698463103929558 0.8137976813493728 -0.3420201433256684
0.9848077530122079 -1.476030927001749e-15 0.1736481776669305
0.9848077530122079 -1.476030927001749e-15 0.1736481776669305
0.9396926207859083 -1.408412317950276e-15 -0.3420201433256684
1.837589179357618e-15 1 2.220446049250313e-16
0.7544065067354901 0.6330222215594875 0.1736481776669305
1.809672070682723e-15 0.9848077530122081 -0.1736481776669299
1.809672070682723e-15 0.9848077530122079 0.1736481776669305
0.6040227735550551 0.7198463103929531 -0.3420201433256687
0.7198463103929553 0.6040227735550523 0.3420201433256689
0.6330222215594903 0.7544065067354877 0.1736481776669305
0.7544065067354901 0.6330222215594876 -0.1736481776669296
1.809672070682723e-15 0.9848077530122081 -0.1736481776669299
1.726768991878387e-15 0.9396926207859083 0.3420201433256689
0.9848077530122079 -1.476030927001749e-15 0.1736481776669305
0.9848077530122079 -0.1736481776669318 0
0.7544065067354901 0.6330222215594875 0.1736481776669305
0.9848077530122079 -1.476030927001749e-15 0.1736481776669305
0.9396926207859083 -1.408412317950276e-15 -0.3420201433256684
0.7660444431189793 0.6427876096865379 0
0.1736481776669293 -0.9848077530122081 2.220446049250313e-16
0.604022773555055 0.719846310392953 0.3420201433256689
0.6427876096865408 0.7660444431189768 0
0.7198463103929553 0.6040227735550523 0.3420201433256689
1.809672070682723e-15 0.9848077530122081 -0.1736481776669299
0.9396926207859083 -1.408412317950276e-15 -0.3420201433256684
0.9396926207859083 -1.408412317950276e-15 0.3420201433256689
0.9848077530122079 -1.476030927001749e-15 0.1736481776669305
0.9848077530122081 -1.476030927001749e-15 -0.1736481776669299
1.809672070682723e-15 0.9848077530122081 -0.1736481776669299
1.837589179357618e-15 1 2.220446049250313e-16
0.6330222215594905 0.7544065067354877 -0.1736481776669301
-0.1710100716628326 0.9698463103929545 0.1736481776669302
-0.9848077530122081 -1.206041662501898e-16 -0.1736481776669299
0.7544065067354901 0.6330222215594876 -0.1736481776669296
1.809672070682723e-15 0.9848077530122081 -0.1736481776669299
0.9396926207859083 -1.408412317950276e-15 -0.3420201433256684
0.7660444431189793 0.6427876096865379 0
0.7544065067354901 0.6330222215594875 0.1736481776669305
0.9396926207859083 -1.408412317950276e-15 -0.3420201433256684
0.9396926207859083 -1.408412317950276e-15 -0.3420201433256684
0.7544065067354901 0.6330222215594876 -0.1736481776669296
1 -1.498801083243961e-15 2.220446049250313e-16
1 -1.498801083243961e-15 2.220446049250313e-16
0.1710100716628334 -0.9698463103929543 -0.1736481776669296
-0.1631759111665331 0.9254165783983236 0.3420201433256689
1 -1.498801083243961e-15 2.220446049250313e-16
0.9848077530122081 -1.476030927001749e-15 -0.1736481776669299
0.6427876096865408 0.7660444431189768 0
1.809672070682723e-15 0.9848077530122079 0.1736481776669305
0.1710100716628334 -0.9698463103929543 -0.1736481776669296
0.6330222215594905 0.7544065067354877 -0.1736481776669301
1.837589179357618e-15 1 2.220446049250313e-16
0.6040227735550551 0.7198463103929531 -0.3420201433256687
0.7660444431189793 0.6427876096865379 0
1 -1.498801083243961e-15 2.220446049250313e-16
0.9848077530122079 -1.476030927001749e-15 0.1736481776669305
0.7544065067354887 -0.13302222155949 0.6427876096865395
1.809672070682723e-15 0.9848077530122081 -0.1736481776669299
1.837589179357618e-15 1 2.220446049250313e-16
0.9848077530122081 -1.476030927001749e-15 -0.1736481776669299
0.8660254037844386 -1.297999813308905e-15 0.5000000000000001
0.9848077530122081 -1.476030927001749e-15 -0.1736481776669299
0.7544065067354901 0.6330222215594875 0.1736481776669305
0.7544065067354901 0.6330222215594876 -0.1736481776669296
0.7544065067354901 0.6330222215594875 0.1736481776669305
0.9396926207859083 -1.408412317950276e-15 -0.3420201433256684
0.6330222215594905 0.7544065067354877 -0.1736481776669301
0.7544065067354901 0.6330222215594876 -0.1736481776669296
0.8528685319524438 0.4924038765061024 0.1736481776669307
-0.9698463103929535 0.1710100716628373 -0.1736481776669299
1.809672070682723e-15 0.9848077530122079 0.1736481776669305
0.9396926207859083 -1.408412317950276e-15 -0.3420201433256684
-1.048990684667789e-15 -1 2.220446049250313e-16
0.9848077530122081 -1.476030927001749e-15 -0.1736481776669299
1 -1.498801083243961e-15 2.220446049250313e-16
0.4924038765061056 0.8528685319524422 0.1736481776669305
0.6330222215594905 0.7544065067354877 -0.1736481776669301
1 -1.498801083243961e-15 2.220446049250313e-16
0.9396926207859083 -1.408412317950276e-15 -0.3420201433256684
1 -1.498801083243961e-15 2.220446049250313e-16
1.809672070682723e-15 0.9848077530122079 0.1736481776669305
-0.1631759111665332 0.9254165783983236 -0.3420201433256682
0.9396926207859083 -1.408412317950276e-15 0.3420201433256689
-0.1503837331804337 0.8528685319524435 0.5
0.9698463103929538 -0.1710100716628357 0.1736481776669306
1.726768991878387e-15 0.9396926207859083 -0.3420201433256684
0.6330222215594903 0.7544065067354877 0.1736481776669305
0.8528685319524432 -0.1503837331804365 -0.4999999999999998
0.9848077530122079 -1.476030927001749e-15 0.1736481776669305
0.7198463103929553 0.6040227735550523 -0.3420201433256684
0.7544065067354901 0.6330222215594875 0.1736481776669305
0.9396926207859083 -1.408412317950276e-15 0.3420201433256689
1.809672070682723e-15 0.9848077530122079 0.1736481776669305
0.7544065067354901 0.6330222215594876 -0.1736481776669296
0.1736481776669293 -0.9848077530122081 2.220446049250313e-16
-0.1736481776669286 0.9848077530122084 2.220446049250313e-16
-0.9396926207859083 2.201615923356528e-15 -0.3420201433256684
0.7660444431189793 0.6427876096865379 0
0.8660254037844386 -1.297999813308905e-15 0.5000000000000001
-0.1710100716628326 0.9698463103929544 -0.1736481776669301
0.9848077530122079 -1.476030927001749e-15 0.1736481776669305
0.9396926207859083 -1.408412317950276e-15 -0.3420201433256684
0.6330222215594903 0.7544065067354877 0.1736481776669305
-0.1710100716628326 0.9698463103929544 -0.1736481776669301
0.9848077530122081 -1.476030927001749e-15 -0.1736481776669299
0.7660444431189793 0.6427876096865379 0
0.1736481776669293 -0.9848077530122081 2.220446049250313e-16
-0.1631759111665331 0.9254165783983236 0.3420201433256689
1.837589179357618e-15 1 2.220446049250313e-16
1.809672070682723e-15 0.9848077530122079 0.1736481776669305
0.6427876096865408 0.7660444431189768 0
0.9848077530122081 -1.476030927001749e-15 -0.1736481776669299
0.604022773555055 0.719846310392953 0.3420201433256689
0.7544065067354901 0.6330222215594875 0.1736481776669305
0.9848077530122084 0.1736481776669288 2.220446049250313e-16
0.7544065067354901 0.6330222215594875 0.1736481776669305
0.7544065067354901 0.6330222215594876 -0.1736481776669296
1 -1.498801083243961e-15 2.220446049250313e-16
0.7544065067354901 0.6330222215594875 0.1736481776669305
0.9396926207859083 -1.408412317950276e-15 0.3420201433256689
0.6330222215594905 0.7544065067354877 -0.1736481776669301
1.726768991878387e-15 0.9396926207859083 -0.3420201433256684
0.8528685319524432 -0.1503837331804365 -0.4999999999999998
0.9396926207859083 -1.408412317950276e-15 0.3420201433256689
0.7544065067354901 0.6330222215594876 -0.1736481776669296
0.9396926207859083 -1.408412317950276e-15 0.3420201433256689
0.9698463103929542 0.1710100716628328 0.1736481776669307
0.7544065067354901 0.6330222215594875 0.1736481776669305
0.9396926207859083 -1.408412317950276e-15 0.3420201433256689
1.809672070682723e-15 0.9848077530122081 -0.1736481776669299
1 -1.498801083243961e-15 2.220446049250313e-16
0.8528685319524432 -0.1503837331804365 -0.4999999999999998
0.9396926207859083 -1.408412317950276e-15 0.3420201433256689
-0.9698463103929535 0.1710100716628373 -0.1736481776669299
0.1736481776669293 -0.9848077530122081 2.220446049250313e-16
0.9848077530122081 -1.476030927001749e-15 -0.1736481776669299
0.9848077530122079 -1.476030927001749e-15 0.1736481776669305
0.7198463103929553 0.6040227735550523 0.3420201433256689
1 -1.498801083243961e-15 2.220446049250313e-16
0.604022773555055 0.719846310392953 0.3420201433256689
1.809672070682723e-15 0.9848077530122081 -0.1736481776669299
0.6427876096865408 0.7660444431189768 0
0.4698463103929557 0.8137976813493728 0.3420201433256688
0.6330222215594905 0.7544065067354877 -0.1736481776669301
0.4698463103929558 0.8137976813493728 -0.3420201433256684
0.9848077530122081 -1.476030927001749e-15 -0.1736481776669299
1.809672070682723e-15 0.9848077530122081 -0.1736481776669299
1 -1.498801083243961e-15 2.220446049250313e-16
0.9396926207859083 -1.408412317950276e-15 0.3420201433256689
0.7198463103929553 0.6040227735550523 0.3420201433256689
0.9396926207859083 -1.408412317950276e-15 0.3420201433256689
0.9848077530122081 -1.476030927001749e-15 -0.1736481776669299
1.726768991878387e-15 0.9396926207859083 0.3420201433256689
0.7198463103929553 0.6040227735550523 0.3420201433256689
0.604022773555055 0.719846310392953 0.3420201433256689
1.837589179357618e-15 1 2.220446049250313e-16
1 -1.498801083243961e-15 2.220446049250313e-16
0.1736481776669293 -0.9848077530122081 2.220446049250313e-16
0.7198463103929553 0.6040227735550523 -0.3420201433256684
0.9848077530122081 -1.476030927001749e-15 -0.1736481776669299
1 -1.498801083243961e-15 2.220446049250313e-16
1.726768991878387e-15 0.9396926207859083 -0.3420201433256684
0.9698463103929538 -0.1710100716628357 0.1736481776669306
1.837589179357618e-15 1 2.220446049250313e-16
0.7198463103929553 0.6040227735550523 -0.3420201433256684
0.9848077530122081 -1.476030927001749e-15 -0.1736481776669299
0.9848077530122081 -1.476030927001749e-15 -0.1736481776669299
1.809672070682723e-15 0.9848077530122079 0.1736481776669305
0.6330222215594905 0.7544065067354877 -0.1736481776669301
0.1736481776669322 0.9848077530122079 0
0.7544065067354901 0.6330222215594875 0.1736481776669305
0.4698463103929557 0.8137976813493728 0.3420201433256688
0.9848077530122081 -1.476030927001749e-15 -0.1736481776669299
0.5566703992264207 0.6634139481689373 -0.4999999999999996
1.809672070682723e-15 0.9848077530122081 -0.1736481776669299
-0.9848077530122081 2.307316650697225e-15 -0.1736481776669299
0.8528685319524432 -0.1503837331804365 -0.4999999999999998
0.9396926207859083 -1.408412317950276e-15 -0.3420201433256684
-0.9848077530122077 0.1736481776669334 -2.220446049250313e-16
0.7198463103929553 0.6040227735550523 0.3420201433256689
0.9396926207859083 -1.408412317950276e-15 -0.3420201433256684
1.809672070682723e-15 0.9848077530122079 0.1736481776669305
0.7660444431189793 0.6427876096865379 0
1.809672070682723e-15 0.9848077530122081 -0.1736481776669299
0.9848077530122079 -1.476030927001749e-15 0.1736481776669305
0.9848077530122081 -1.476030927001749e-15 -0.1736481776669299
-1 2.342910729165048e-15 2.220446049250313e-16
0.6040227735550551 0.7198463103929531 -0.3420201433256687
-0.9848077530122081 2.307316650697225e-15 -0.1736481776669299
-0.9698463103929535 0.1710100716628373 -0.1736481776669299
1 -1.498801083243961e-15 2.220446049250313e-16
0.7198463103929553 0.6040227735550523 0.3420201433256689
0.9396926207859083 -1.408412317950276e-15 -0.3420201433256684
0.6040227735550551 0.7198463103929531 -0.3420201433256687
-1.033054159098423e-15 -0.9848077530122079 0.1736481776669305
0.7660444431189793 0.6427876096865379 0
0.7198463103929553 0.6040227735550523 -0.3420201433256684
0.9848077530122081 -1.476030927001749e-15 -0.1736481776669299
0.9848077530122079 -1.476030927001749e-15 0.1736481776669305
0.6427876096865408 0.7660444431189768 0
0.8528685319524432 -0.1503837331804365 -0.4999999999999998
0.7544065067354901 0.6330222215594875 0.1736481776669305
0.8660254037844386 -1.297999813308905e-15 0.5000000000000001
0.7544065067354901 0.6330222215594876 -0.1736481776669296
0.8137976813493745 0.4698463103929528 -0.3420201433256684
0.7660444431189793 0.6427876096865379 0
0.1736481776669293 -0.9848077530122081 2.220446049250313e-16
0.5566703992264206 0.6634139481689373 0.5000000000000001
0.7544065067354887 -0.13302222155949 0.6427876096865395
0.9848077530122081 -1.476030927001749e-15 -0.1736481776669299
1.591398911043097e-15 0.8660254037844388 -0.4999999999999998
0.7500000000000009 0.4330127018922181 -0.4999999999999998
-0.1710100716628326 0.9698463103929545 0.1736481776669302
1 -1.498801083243961e-15 2.220446049250313e-16
1.726768991878387e-15 0.9396926207859083 -0.3420201433256684
0.9848077530122079 -1.476030927001749e-15 0.1736481776669305
0.604022773555055 0.719846310392953 0.3420201433256689
1 -1.498801083243961e-15 2.220446049250313e-16
0.604022773555055 0.719846310392953 0.3420201433256689
0.7198463103929553 0.6040227735550523 0.3420201433256689
1.809672070682723e-15 0.9848077530122079 0.1736481776669305
0.1710100716628334 -0.9698463103929543 -0.1736481776669296
0.9848077530122081 -1.476030927001749e-15 -0.1736481776669299
0.7198463103929553 0.6040227735550523 -0.3420201433256684
0.9396926207859083 -1.408412317950276e-15 0.3420201433256689
1.809672070682723e-15 0.9848077530122079 0.1736481776669305
0.9848077530122081 -1.476030927001749e-15 -0.1736481776669299
1.837589179357618e-15 1 2.220446049250313e-16
0.9254165783983231 -0.1631759111665361 0.3420201433256687
0.6330222215594905 0.7544065067354877 -0.1736481776669301
0.9848077530122081 -1.476030927001749e-15 -0.1736481776669299
0.7544065067354901 0.6330222215594876 -0.1736481776669296
0.9848077530122079 -1.476030927001749e-15 0.1736481776669305
0.9396926207859083 -1.408412317950276e-15 0.3420201433256689
0.7660444431189793 0.6427876096865379 0
0.9848077530122081 -1.476030927001749e-15 -0.1736481776669299
-0.9848077530122077 0.1736481776669334 -2.220446049250313e-16
0.9396926207859083 -1.408412317950276e-15 -0.3420201433256684
1.809672070682723e-15 0.9848077530122079 0.1736481776669305
0.9848077530122079 -1.476030927001749e-15 0.1736481776669305
0.6040227735550551 0.7198463103929531 -0.3420201433256687
0.6427876096865408 0.7660444431189768 0
0.9848077530122079 -1.476030927001749e-15 0.1736481776669305
0.6040227735550551 0.7198463103929531 -0.3420201433256687
-1.048990684667789e-15 -1 2.220446049250313e-16
0.9848077530122081 -1.476030927001749e-15 -0.1736481776669299
-0.1631759111665332 0.9254165783983236 -0.3420201433256682
0.1736481776669322 0.9848077530122079 0
0.9848077530122079 -1.476030927001749e-15 0.1736481776669305
0.6427876096865408 0.7660444431189768 0
1.591398911043097e-15 0.8660254037844388 -0.4999999999999998
0.9848077530122079 -1.476030927001749e-15 0.1736481776669305
0.8137976813493745 0.4698463103929528 -0.3420201433256684
0.6427876096865408 0.7660444431189768 0
0.9848077530122079 -1.476030927001749e-15 0.1736481776669305
0.8528685319524432 -0.1503837331804365 -0.4999999999999998
0.8528685319524442 0.4924038765061027 -0.1736481776669301
0.9396926207859083 -1.408412317950276e-15 0.3420201433256689
0.604022773555055 0.719846310392953 0.3420201433256689
0.9848077530122081 -1.476030927001749e-15 -0.1736481776669299
-0.2961981327260224 0.8137976813493744 -0.4999999999999998
0.6040227735550551 0.7198463103929531 -0.3420201433256687
0.7500000000000007 0.433012701892218 0.5000000000000002
0.9848077530122081 -1.476030927001749e-15 -0.1736481776669299
0.9848077530122084 0.1736481776669288 2.220446049250313e-16
-0.9254165783983228 0.1631759111665377 -0.3420201433256682
0.1736481776669293 -0.9848077530122081 2.220446049250313e-16
1 -1.498801083243961e-15 2.220446049250313e-16
0.9848077530122079 -1.476030927001749e-15 0.1736481776669305
1.809672070682723e-15 0.9848077530122081 -0.1736481776669299
0.9396926207859083 -1.408412317950276e-15 0.3420201433256689
0.6040227735550551 0.7198463103929531 -0.3420201433256687
0.9254165783983231 -0.1631759111665361 0.3420201433256687
-0.9698463103929535 0.1710100716628372 0.1736481776669305
0.7544065067354901 0.6330222215594876 -0.1736481776669296
0.6330222215594905 0.7544065067354877 -0.1736481776669301
0.604022773555055 0.719846310392953 0.3420201433256689
0.8660254037844386 -1.297999813308905e-15 0.5000000000000001
-0.9698463103929535 0.1710100716628373 -0.1736481776669299
-0.2620026302293836 0.7198463103929547 -0.6427876096865393
1.726768991878387e-15 0.9396926207859083 0.3420201433256689
0.7544065067354901 0.6330222215594875 0.1736481776669305
0.9396926207859083 -1.408412317950276e-15 -0.3420201433256684
1.726768991878387e-15 0.9396926207859083 0.3420201433256689
0.9396926207859083 -1.408412317950276e-15 0.3420201433256689
1.809672070682723e-15 0.9848077530122079 0.1736481776669305
0.6427876096865408 0.7660444431189768 0
0.9848077530122081 -1.476030927001749e-15 -0.1736481776669299
0.7544065067354901 0.6330222215594875 0.1736481776669305
1 -1.498801083243961e-15 2.220446049250313e-16
1.726768991878387e-15 0.9396926207859083 -0.3420201433256684
1.809672070682723e-15 0.9848077530122079 0.1736481776669305
1.726768991878387e-15 0.9396926207859083 -0.3420201433256684
-0.1736481776669286 0.9848077530122084 2.220446049250313e-16
0.9396926207859083 -1.408412317950276e-15 -0.3420201433256684
0.7544065067354901 0.6330222215594876 -0.1736481776669296
-0.9848077530122077 0.1736481776669334 -2.220446049250313e-16
1 -1.498801083243961e-15 2.220446049250313e-16
0.9396926207859083 -1.408412317950276e-15 0.3420201433256689
1 -1.498801083243961e-15 2.220446049250313e-16
0.9848077530122079 -1.476030927001749e-15 0.1736481776669305
0.7198463103929553 0.6040227735550523 0.3420201433256689
0.8660254037844396 0.4999999999999986 0
0.9848077530122081 -1.476030927001749e-15 -0.1736481776669299
0.6040227735550551 0.7198463103929531 -0.3420201433256687
0.6330222215594903 0.7544065067354877 0.1736481776669305
0.7544065067354901 0.6330222215594876 -0.1736481776669296
0.6634139481689395 0.5566703992264183 -0.5
1.809672070682723e-15 0.9848077530122081 -0.1736481776669299
0.8528685319524432 -0.1503837331804365 -0.4999999999999998
0.7544065067354901 0.6330222215594876 -0.1736481776669296
1.837589179357618e-15 1 2.220446049250313e-16
-0.9848077530122077 0.1736481776669334 -2.220446049250313e-16
0.604022773555055 0.719846310392953 0.3420201433256689
0.7544065067354887 -0.13302222155949 0.6427876096865395
0.8528685319524438 0.4924038765061024 0.1736481776669307
0.9396926207859083 -1.408412317950276e-15 0.3420201433256689
0.9396926207859083 -1.408412317950276e-15 0.3420201433256689
0.7544065067354901 0.6330222215594875 0.1736481776669305
0.9848077530122079 -1.476030927001749e-15 0.1736481776669305
0.6427876096865408 0.7660444431189768 0
-0.9848077530122081 2.307316650697225e-15 -0.1736481776669299
1 -1.498801083243961e-15 2.220446049250313e-16
1 -1.498801083243961e-15 2.220446049250313e-16
0.6427876096865408 0.7660444431189768 0
0.9698463103929538 -0.1710100716628357 0.1736481776669306
1.809672070682723e-15 0.9848077530122079 0.1736481776669305
1.837589179357618e-15 1 2.220446049250313e-16
0.1736481776669293 -0.9848077530122081 2.220446049250313e-16
0.7660444431189793 0.6427876096865379 0
0.8528685319524429 -0.1503837331804365 0.5000000000000002
1 -1.498801083243961e-15 2.220446049250313e-16
1 -1.498801083243961e-15 2.220446049250313e-16
1.837589179357618e-15 1 2.220446049250313e-16
0.8660254037844386 -1.297999813308905e-15 0.5000000000000001
1.809672070682723e-15 0.9848077530122079 0.1736481776669305
-0.9698463103929535 0.1710100716628373 -0.1736481776669299
0.9848077530122079 -1.476030927001749e-15 0.1736481776669305
1.726768991878387e-15 0.9396926207859083 -0.3420201433256684
1 -1.498801083243961e-15 2.220446049250313e-16
0.9396926207859083 -1.408412317950276e-15 0.3420201433256689
0.6040227735550551 0.7198463103929531 -0.3420201433256687
0.7544065067354887 -0.13302222155949 0.6427876096865395
0.6427876096865408 0.7660444431189768 0
0.8528685319524429 -0.1503837331804365 0.5000000000000002
0.6330222215594903 0.7544065067354877 0.1736481776669305