-0.8952197290516462 -0.3371631795484334 -0.2913805536982314
-0.5367419688156101 -0.3148285761880322 0.7828097000723478
-0.7034927862446023 -0.7076738884752345 -0.06554057729489256
-0.6820748005371668 -0.2851122465232808 -0.6734129293046223
-0.6518673186632802 -0.4246516041829262 -0.6282833866366457
-0.6054108130990767 -0.6470794959186008 -0.4634283907406238
-0.6929301660516324 -0.5917811890252265 0.4118771774346648
-0.7734434582914775 -0.4889003763885382 -0.4034372798754042
-0.5821223710543036 -0.599451793064727 -0.5493551609929586
-0.2470783170690067 -0.866367309127097 0.4340045977984799
-0.8507819830445167 -0.5115764738180422 -0.1202477806977643
-0.6198177100663927 -0.6206507009173088 -0.4802277727692418
-0.7487629045820285 -0.4796613893095313 0.4574702879177336
-0.5652272396975714 -0.7779475859613271 -0.2744370984411686
-0.5783929390868345 -0.6032732490977839 0.5491110952598725
-0.6031129424796501 -0.5869692395425999 -0.540112849730795
-0.6335551169231104 -0.6596723451519757 -0.4042775171367268
-0.7156075875563853 -0.6369895174816279 0.2866184489007175
-0.6432205514273011 -0.6348982501089625 0.4279854369369781
-0.4187290844503697 -0.5550212754432061 -0.7187609739271824
-0.2328709037256774 -0.9678901503159207 -0.09465621542936734
-0.3611299012714803 -0.9314087708992504 -0.04541911381344291
-0.7172908059578436 -0.6685395669923746 -0.1963383484039615
-0.5822783197471745 -0.8085909214673105 -0.08445519565457776
-0.3774957834653545 -0.3500263682574592 0.8573088562416533
-0.7669612268390237 -0.6411096913077949 0.02736494540107073
-0.3825260098385962 -0.921297812210612 0.06988700174497543
-0.4905762241081554 -0.6222557538005563 -0.6100268397389464
-0.7154627151996849 -0.6983353822513523 -0.02099516741901099
-0.549899997102247 -0.561634417113118 -0.6182044764484942
-0.5797082448877048 -0.6040322862135127 0.5468851323823807
-0.345586632320574 -0.3156561127922404 0.8837030598669539
-0.6305287332330415 -0.5211357902711483 -0.5751964922233113
-0.7806697753969287 -0.4913309933030857 -0.3861975618792952
-0.6092916132321957 -0.6112769001669098 0.5050784903034797
-0.8745849342436344 -0.4194677226107508 0.2432036646142653
-0.5712066486218984 -0.7990957043112172 -0.1875340500322508
-0.6703064422231461 -0.690820533512439 0.2710281608832137
-0.8144698339204277 -0.2782371804577859 -0.5091394318303507
-0.6286160585670761 -0.59741661560626 0.497930957371759
-0.6677717095764629 -0.5509765742981984 0.5005055029307373
-0.6506780657294963 -0.6842628734948247 0.3292451590154769
-0.6597015328120139 -0.4949842211223914 0.5654949234478934
-0.7615824496013127 -0.6249308516218273 -0.171620520773251
-0.7013873361545565 -0.6338739029630354 -0.3259749680948268
-0.3587820940915424 -0.5603005688894188 0.7465511914540632
-0.4369984660569362 -0.404131033206871 0.8035611044986137
-0.734992124148609 -0.6594018020828385 0.1580374666002362
-0.7280991965717621 -0.6747873036493351 -0.1205556086841853
-0.7259805271218173 -0.6876038134457674 -0.01238022515008325
-0.3946710645717196 -0.7212898554995943 0.5691886287894372
-0.4494521784924719 -0.4106548807117995 -0.7933191717057825
-0.3613833114858981 -0.9289797320897454 -0.07999224678649282
-0.2992888011994381 -0.8284465389297413 0.4733947038275101
-0.6878731707514844 -0.7257979816772486 0.006913085673669109
-0.6891388265950795 -0.398655077657091 -0.6051130528565514
-0.4846788776216104 -0.789920428586845 0.3756489080093687
-0.5680413089808674 -0.6662085378415104 0.4832134677328226
-0.56822933881738 -0.8183104843731981 -0.08650647185075253
-0.4983805199986858 -0.5266105034258161 0.688693135559988
-0.7157433008695979 -0.6839928295884915 0.1409444441325048
-0.6916854665400046 -0.68233905434703 0.2366107146562406
-0.5294336617713883 -0.5613847002344172 -0.6360402629755861
-0.1633050281627755 -0.2017421570306775 -0.9657285176763523
-0.9290040867020667 -0.2657705010559486 0.2575217421099217
-0.6902749905903425 -0.7034253364041958 -0.1694497963119068
-0.6387081118848238 -0.6339281833911702 0.4361043523228061
-0.2801283616114086 -0.3171889007225983 -0.9060459713940002
-0.6279055346647863 -0.5962587135929437 0.5002101418422229
-0.665341773251069 -0.6150660356021325 -0.4231005750596419
-0.6831945556078632 -0.6430562082290956 0.3460114336922877
-0.6684200008601594 -0.6304512936663598 -0.3946465111520915
-0.2342604301314577 -0.8137963200090031 0.5318435864184399
-0.6316218182633525 -0.6513238250354166 0.4205129648832845
-0.660275226598132 -0.6316520231087275 0.4062663496321559
-0.5988498634720586 -0.7923969519168297 -0.1161288577934624
-0.7472986595693335 -0.2849024226867458 0.6003126876496117
-0.6618587530875668 -0.6716455845066093 -0.3329192090795401
-0.4075612821574947 -0.5082443169806199 0.7586708875019803
-0.6464630449583727 -0.7606151717982248 0.05958264792291343
-0.4942717863501322 -0.4950098931563758 0.7146052105152625
-0.6989460057718482 -0.7069125012277785 0.1083937111804265
-0.6793287140594446 -0.6771677074013295 -0.282765617264845
-0.6702307190057354 -0.6940155272430282 0.2629319897742315
-0.7360076184908803 -0.675200974132998 0.04895334567967245
-0.3011305596843076 -0.4786298866643739 0.8247628856925269
-0.5435821494632205 -0.8269143161010153 0.143983195589399
-0.7760075335317035 -0.4213335184112755 -0.4693510138107911
-0.6240256264272378 -0.2969185714223881 0.7227941473936972
-0.2120234424098552 -0.7924507715145896 -0.5718984477987384
-0.4537794601091001 -0.2496499275857702 -0.8554291994312055
-0.4907913725868226 -0.8517185330498896 -0.1835738790070268
-0.4426707195963494 -0.4151318746177534 0.7948007050125208
-0.6511247478963644 -0.7010068954790014 -0.2909053027495174
-0.3087588257690828 -0.2710000465368482 0.9117164922752705
-0.6187986056992496 -0.6372918861630444 -0.4592900362683844
-0.6147880512933223 -0.5326801867051454 0.5816248539038981
-0.697333208743026 -0.6626206257227403 -0.2732403746721184
-0.4225175567323613 -0.5979789236281907 -0.6811021370906027
-0.6090780083967788 -0.6551684827282261 -0.4469655903165339
-0.6254879673204357 -0.5997209132929905 0.4990988167651481
-0.3766276988023965 -0.7536083398678886 -0.5387263188079605
-0.7775553410552384 -0.6280457569503092 0.03108405979251946
-0.6921621303021389 -0.6765633886159779 0.2513435230119732
-0.6944021119710518 -0.7004083125217472 -0.1650269754936491
-0.2280141620930766 -0.2881797359777767 -0.9300333228743854
-0.8227881805470613 -0.448417491266732 0.3492010359064056
-0.6501597018320842 -0.6820630804726473 -0.3347869716249101
-0.5851371701916334 -0.467942625811023 0.6623021900984568
-0.617377124465379 -0.6544729671744186 -0.4364752242966057
-0.7678503430701036 -0.345826966155211 0.5392676145727712
-0.6694100128411451 -0.6435131669804903 0.3711886833279776
-0.7283863882764917 -0.6763411767381349 0.1096169787122552
-0.4589773891133044 -0.8845584107670843 0.08304320697049519
-0.3837435686654092 -0.2826188721775946 -0.8791287997768021
-0.9403102552033836 -0.3334115737971729 0.06821544119508235
-0.5363251947021486 -0.7909054576546665 -0.2946588579692879
-0.6633156470758782 -0.7254845228220028 -0.1835335377799924
-0.6878685971295602 -0.5263629675651527 0.4997787705165325
-0.5712323009798526 -0.608491308376733 -0.55084660836501
-0.6360997291760161 -0.6467744098152246 -0.4207849775721171
-0.4396673945465859 -0.8958778189096074 -0.06399621675053488
-0.710964823460365 -0.5715052458939121 -0.4097691712631774
-0.6677193339188239 -0.6406440605185207 0.3791122245896907
-0.6556418288925934 -0.7515277221174017 0.07307444899145468
-0.6494803334679788 -0.637753348433226 -0.4140603373912202
-0.2627680989674547 -0.539373720145137 -0.8000180724095084
-0.6334438461151723 -0.6833134919972408 0.3630861681107593
-0.4276600251993464 -0.4410975640325901 0.7890119402461596
-0.2018244392677839 -0.1942520505723625 0.9599651225761677
-0.2844234696670223 -0.4252130805044788 -0.8592421812681592
-0.6887028344379571 -0.6815303608657834 0.2473959843151841
-0.5454377914966481 -0.4052050949761748 -0.7336937008129538
-0.3087246553754772 -0.9435257537958962 -0.1202008281468097
-0.6424986530673977 -0.6222812086753933 -0.4471706364868689
-0.339820008906146 -0.3643685497880631 -0.8670397461895105
-0.6833063525322856 -0.7070489533344811 0.1821378768341132
-0.4733277699133449 -0.8597769728764544 0.1916882342249004
-0.2543698548935899 -0.2300452383164025 0.9393482662193843
-0.5624267025736887 -0.7036415443260111 -0.4342404648700921
-0.8260222468875548 -0.5617550277405754 0.0460275619061104
-0.4155427645386463 -0.814359969015246 0.4051444825060152
-0.5529197345703768 -0.5602031657104303 0.616808057867791
-0.5027019928782954 -0.7618971973733748 -0.4084156791686467
-0.700851794768606 -0.5378830996046029 -0.468496032992136
-0.645434068926688 -0.7573839952502689 -0.0989158551875271
-0.5164323269421619 -0.6530449413942097 -0.5539223377049685
-0.9260791330282901 -0.2850963762621591 0.2471790759990737
-0.6749171223850837 -0.7183665241100845 0.1686310023377474
-0.7801502774826956 -0.5387282373197237 -0.3180211170002027
-0.6794891708604794 -0.6856201942973212 0.26118846807438
-0.5198621040503499 -0.6488375499317628 0.5556556726704861
-0.2732403668211804 -0.8856885079447263 0.3753605850832921
-0.9177520195156688 -0.3628847286532841 0.1613874356483307
-0.7724152671797628 -0.6257100948348786 -0.1089106617799324
-0.4473342255754664 -0.4830838427729778 -0.7526766181305824
-0.5056313694162675 -0.5102937711639421 -0.6956559389335452
-0.4524106157881958 -0.4762260188267015 -0.7540115474676866
-0.5192188660536556 -0.6861819808722225 0.5094762587797678
-0.3524541193924449 -0.4740126203825923 -0.8069003218745948
-0.6142272626140098 -0.4990831866749686 -0.6112616809845507
-0.443510843705696 -0.5593254941542064 -0.7003235845697434
-0.9420391095183551 -0.3247959046706064 -0.08408291412092435
-0.5148198056284156 -0.833258209223242 0.2015969357276945
-0.4653958540983112 -0.6994934068385649 0.5423243243461254
-0.6266863197742754 -0.5256543051741529 0.5752841107310833
-0.3467284179343771 -0.862862737977748 0.3677598395777711
-0.6105776305981526 -0.7479649183169446 0.2602756960998709
-0.8365467625868644 -0.296427125347984 0.4607824577426607
-0.4943693634100438 -0.8455455682022799 -0.2016224804307091
-0.7582641907321483 -0.5787988678601264 0.3000454759151621
-0.6384118986584602 -0.550407436916276 0.5380352228605073
-0.6190657966825333 -0.6860119720621514 0.3822893061088921
-0.827161075094986 -0.5344117879606706 0.1738062045393837
-0.7245952419543845 -0.5318075737580341 -0.4383405523456165
-0.6452960782961193 -0.7318875629806478 0.2189373574561841
-0.611314504679093 -0.7839195032471328 -0.1084656111296284
-0.6500406178374041 -0.5852071599737713 -0.4847471248774962
-0.7000010793829549 -0.605185597275729 -0.3791422974461134
-0.5875496513570888 -0.6991744949244438 0.407357868264886
-0.5078079439382969 -0.461707504826589 0.7272944878520425
-0.646217170978414 -0.6520836845338462 0.3964722389996789
-0.6411315663361256 -0.6637902230568902 0.3851400452062472
-0.3718833633897519 -0.2825726262917246 0.8842259184758854
-0.5986189578432392 -0.3848344414096535 0.7025366865976426
-0.9513073334032788 -0.3082259690401415 -0.003333080018350489
-0.5184142375192584 -0.5134510307823223 -0.6838236010301901
-0.3556478908088484 -0.3349592667910038 0.8725347370472138
-0.7807922735669545 -0.4719135353123315 -0.4094643338890005
-0.7250706532829181 -0.677749097633089 -0.1221830937790329
-0.6281290563572448 -0.6392709640485821 0.4436062703390853
-0.615828711244006 -0.6315737243158874 -0.4710303909105081
-0.6708655701479276 -0.6164430211375757 0.4122346279497569
-0.6383662355898982 -0.4649818811510213 0.6134169866086527
-0.4734780781795339 -0.5418211552054302 0.6944410307976254
-0.4933184711473164 -0.3093963778212691 0.8129641858138358
-0.8944871669443577 -0.3375312301981473 0.2931985279853601
-0.5436195874314297 -0.8352225322089836 -0.08295219015370042
-0.6214971510291666 -0.5368875912833886 -0.5705199431996663
-0.3617952933917232 -0.484460939220074 0.7964934174552861
-0.4990720801938908 -0.6374132755549353 0.58705312784898
-0.2787248419469942 -0.5379908171280381 -0.7955365127808585
-0.7295082243101385 -0.6817595232051057 -0.05497002076600858
-0.634600952616848 -0.4819746833470649 0.6041374310124191
-0.6518439702954085 -0.6523180103571879 0.3867565794568443
-0.6477819964328766 -0.6607315779655308 -0.3792258785692458
-0.6630010209296402 -0.7344717480367253 -0.1448478428632329
-0.2054090579768206 -0.2043613281768402 0.9571016489625712
-0.7079249495370609 -0.6390337848574116 -0.3007957573400284
-0.2937615208219338 -0.3106615554309716 -0.9039875922055535
-0.7308313499329863 -0.6151454637045534 0.2957728798230818
-0.668574109050581 -0.6852658787053633 0.2888240574976196
-0.7762041194589472 -0.6299254960034963 0.0264770545890156
-0.4136223769660526 -0.7966133455661252 0.4408216271224652
-0.4457081400830042 -0.5622251297487754 -0.6965968398885555
-0.2717624335235577 -0.3143715180201743 -0.9095689794529302
-0.6044823499878373 -0.5884329708444868 0.5369801927225186
-0.657205288149402 -0.2130904349693535 0.7229617387891515
-0.5468829028001557 -0.667904667037211 0.5047994120190591
-0.6266239799917533 -0.3813212365807878 -0.6796591073705948
-0.679749138050292 -0.6960285842924269 -0.2312689325606989
-0.5566592127476538 -0.5671048950508405 0.6070605891280849
-0.6896497570822353 -0.6527815494783317 -0.3134636521465959
-0.4819860265509318 -0.5775525288795894 -0.6588797664175425
-0.4273138787218259 -0.8934078998261815 -0.1386548721822652
-0.4853799057529657 -0.536927834606079 -0.6900107589860242
-0.627884388423146 -0.4925263331640213 -0.6026433488511223
-0.6893226975569331 -0.5314204070061388 -0.4923683272208547
-0.4740415481403152 -0.8483150560491993 0.2358944177316984
-0.338675877601016 -0.8753042313619847 0.3451682958948968
-0.5636426428035152 -0.5110516436921121 0.6489477549795974
-0.4197159505168234 -0.3980205518401751 -0.8157316723007645
-0.5692280864151289 -0.6621080609296121 -0.4874344071649021
-0.5044007522578214 -0.4888852268140184 0.7117380951759921
-0.6996673984762461 -0.711789440424508 -0.06181685862002013
-0.1887352140730264 -0.6371059459784985 -0.7473118710201595
-0.6164490675627625 -0.7038822566820451 0.3529027002293866
-0.5085171947216205 -0.5626433686697351 0.6517995875761398
-0.6842835030111303 -0.6625093002725538 0.3046924917998269
-0.6859583969729327 -0.6710050807123684 -0.2814485020043853
-0.578767202243527 -0.4662595070387222 -0.6690520141986034
-0.7664513191779722 -0.6346688962014391 -0.09873078306583605
-0.5380904718787104 -0.8024130115342195 0.2580542636616014
-0.9174840738000857 -0.3438659693968086 0.1999479167533184
-0.4937419084471319 -0.5614586481392936 0.6640655948568491
-0.9137240300327283 -0.3603508073539067 -0.1877649929569873
-0.4466136455221093 -0.8024890217529564 -0.3956609932750948
-0.5282049633662258 -0.5694077561151147 0.6299002492071534
-0.6988111745234831 -0.7152456797448977 0.00930376092606721
-0.4992820964708563 -0.5199451548240888 -0.6930904876844156
-0.6441265309920797 -0.6016389257402914 0.4723680928112919
-0.5592340524199403 -0.748101267046382 0.3572138979065194
-0.7219883926656449 -0.5601799339442189 0.4061172274877407
-0.4668474109581283 -0.2778539010164073 0.8395538723462938
-0.9237163330395638 -0.383073934185383 -0.0015801973531006
-0.6736734201665996 -0.6741646813264318 -0.3027641085285158
-0.6818021593980798 -0.7263966782774041 0.08656605124220959
-0.6650912570076604 -0.2613097975628116 0.6995504338856869
-0.7920593403064737 -0.4735408050279275 -0.3852286430248614
-0.7049443409456422 -0.507727441426281 0.4952436989921594
-0.6564842483708859 -0.7543376405231265 -0.001776437703779032
-0.759874093805301 -0.5272975244852407 -0.3801955841870203
-0.2545321922602657 -0.4519023638537545 0.8549839861930585
-0.7429184788272168 -0.6542741299964188 0.1414125052266714
-0.6127383139634105 -0.6113260577942945 -0.5008315182403797
-0.534051004159212 -0.6354425884386671 -0.5576757496564687
-0.3748799611666193 -0.9105249187530228 0.1743828748630872
-0.4663825725455567 -0.2201569286297365 0.8567486345493115
-0.5617609286841119 -0.6122135764411655 0.5564343589544785
-0.411797280381407 -0.7260030800807115 -0.5507654015856451
-0.7876697913204652 -0.5138108086321752 0.3399628696989202
-0.5323495149308047 -0.819368183304257 0.212696436598309
-0.7387487885598693 -0.4934484870013754 0.4590847613212392
-0.3213916037783371 -0.8577598086182784 -0.4011926566375844
-0.5061372306088747 -0.853728909408392 -0.1223603409276735
-0.6540101225744983 -0.6461181207436324 -0.3934490228947159
-0.8046824753029559 -0.4380503507350013 0.4007468080487356
-0.3167586159926404 -0.3689829005367061 -0.873793796216216
-0.5646729282535415 -0.5755799727345197 0.591483033640442
-0.2812201307222276 -0.782758481469534 -0.5551615960817918
-0.7752786717814677 -0.499505499450847 -0.3865711281240791
-0.6721779982335432 -0.7255760356590926 0.1473640226377596
-0.6528426323113306 -0.7031270264368916 0.2817958163827626
-0.5527222365735847 -0.5737189794984768 -0.6044374754764307
-0.2433409363816233 -0.2870649295429533 -0.9264874067721666
-0.710789359867645 -0.3645902193128693 0.6015417341135504
-0.2014496539302077 -0.1541477965275403 0.9672933855646401
-0.5077929556382615 -0.5296774123378508 -0.679402791474422
-0.6492821109539855 -0.6519717020702753 -0.3916192539887751
-0.250416933662524 -0.2864639391751571 0.9247863379653222
-0.6764291654765061 -0.3372057379950688 -0.6547792562046835
-0.292391652788052 -0.3179877562343901 -0.9018818704602558
-0.802322670997685 -0.5112452591508819 -0.3080691750222473
-0.6856930791366802 -0.7227968711543888 0.08596327281743291
-0.7533799092373682 -0.5282198020628536 0.3916663798006852
-0.6765569245167543 -0.642370540647803 -0.360042798006404
-0.5041909796203191 -0.8562321787197915 0.1125073872875107
-0.6334994118173152 -0.3580710988208655 0.6859034796648386
-0.5533369357317992 -0.4865732372910557 -0.6760656183441403
-0.4256383035763681 -0.5616329102078855 0.7095072294910408
-0.8088749170683049 -0.5810637664456811 0.08992367798139608
-0.4951830334093013 -0.4476124288194264 0.7446051819521111
-0.6683791783936266 -0.6654107890481248 0.3324120270210039
-0.845453199797386 -0.5249895601215959 -0.09795329864631633
-0.6797305601651502 -0.6581852241597811 0.3236642956449009
-0.2295175319348832 -0.9090707676088882 -0.3477240889175016
-0.3629057990027693 -0.9259486720183824 -0.104491329006553
-0.3288370892637409 -0.8515234548352375 -0.4083796941450589
-0.656671963824331 -0.5550417325895683 -0.5105982834000388
-0.6189021245578442 -0.7843785663419922 0.0413572832892562
-0.6251769009893464 -0.6042700451050037 0.4939752575364009
-0.5084962112656028 -0.6391055297858278 0.5770404881164786
-0.6602043436485805 -0.7053223609030812 -0.2581677590979372
-0.7071412033243808 -0.5574013445442783 0.4350345499626179
-0.5319519998789175 -0.4624780151231534 0.7093244358913406
-0.6425384230297272 -0.7146855876748094 0.2763492096974107
-0.4149690102579822 -0.2855046436011151 0.8638795164880984
-0.6852954872764834 -0.712552287000232 0.150463727885581
-0.8829835195439432 -0.4693722084381576 0.005462065513852981
-0.6881973212873239 -0.2780704763304637 -0.6701203303633616
-0.4892615351056349 -0.5313404031383293 -0.6915927459559384
-0.2982685140979652 -0.2501419427147673 -0.9211215457216676
-0.5304714095000352 -0.8325825484215266 -0.159393800905061
-0.2960523354803831 -0.5492180440581556 -0.7814810008807282
-0.361052493919066 -0.3952117964658595 -0.8446589445267544
-0.7094542431223155 -0.6445771120262042 -0.2849474049148381
-0.6731279209810108 -0.5891515142361731 -0.4469891444643891
-0.6590735339914522 -0.7520784831919484 -0.0001786385074440627
-0.7640244763020028 -0.5490504268005407 0.3388365807311756
-0.1988735665101234 -0.9800140869667796 -0.004657670041219369
-0.6998205875177643 -0.6902040429783284 0.1840367472616841
-0.6477870574958302 -0.7526569343389653 0.1178111511375924
-0.3907945566778694 -0.7493270981446946 -0.5345919139465157
-0.9253370918542744 -0.3396237199823419 -0.1685437488132679
-0.8244097607952994 -0.544222224682819 0.1554693425300321
-0.4136223769660526 -0.7966133455661252 0.4408216271224652
-0.7326141625261726 -0.6785741390743378 -0.05304362964198289
-0.2077072269911582 -0.2186572205668423 -0.953439420073256
-0.7438425277608339 -0.6648283918585939 0.06856750887329191
-0.7251370977324562 -0.6864200424691496 0.05480615648630316
-0.8000384947418516 -0.5994254851124851 -0.02504984488683232
-0.4082613324850796 -0.418939743322946 -0.8110562100508272
-0.7981063205046031 -0.4933642788620591 -0.3458583373485802
-0.8355143044686726 -0.5195210368249409 0.1789238366584188
-0.6472094350345777 -0.6120875555954344 -0.4543883487584479
-0.4321113472669235 -0.309022441556634 0.847221880133853
-0.2222287141260491 -0.9740364054452194 0.04321434351275868
-0.4072706399359824 -0.5931444978168329 -0.6944855870036127
-0.555376027052739 -0.5657768146169804 0.6094703147955429
-0.1690705722200786 -0.2519035086642678 -0.952869227088275
-0.687933308009307 -0.7201047535926171 0.0905367747641161
-0.5402412196386419 -0.4844991176310969 -0.6880407179942488
-0.630799252645418 -0.7172411188413828 -0.2960700597918396