316347541042.7039
123321126892.7083
2380591439.151102
382696028293.8046
274036388290.9082
6317984435.746942
41076138901.0443
178033268097.439
2678728519.877307
405722807050.3875
217225369153.6817
576975422.5528252
204267603670.5813
40024951315.22314
8665923002.252657
1229644850.786222
213394441.8375497
447633727.6831218
2989779368.307712
37472073019.13762
584493594512.8046
330099607590.8072
3290418827.894434
206912454625.3683
54482292266.02045
2300179260.276803
574471813473.204
1665553950.878006
4731485610.440676
1019273198.357871
10486386738.77992
26221054608.51519
204193307352.1954
140299353665.0733
2772185517.370464
261620526725.6805
51559997248.66904
1303749774.789604
264219003008.9626
544954354497.7506
494394933.8505569
7085754348.615937
27564093639.53951
818433551.5064923
184177057.396488
196570479347.0092
21482803062.39111
5847907800.280079
153709101810.1706
4722899967.18814
621625564533.0166
28046848873.59175
294400258504.7292
254098613556.313
934353445.6701816
103102451410.7458
551094728435.0332
1945705125.2421
124077140546.9471
2145184117.103637
223898575.5454123
2882327522.581508
51267123522.55416
201115205070.8554
327691087515.3441
2872138032.633263
22386458816.35488
80456009394.86284
5452786786.197865
2699703463.006476
898461268.0984074
531817247.8628989
483948561568.057
106182170.7244759
81311560.00228295
112087547087.2122
521857192305.4999
2854989429.959764
101001944253.1513
1287562261336.061
86606240713.06339
1253716803.692197
28952635494.67288
920354016.1552539
87912594992.19887
162240742453.1225
57538280589.87843
108832881607.755
125471774790.3195
585625119423.6613
261668605017.6052
105260895366.0277
9046841533.729132
597240923.3217674
47477420217.16145
2904258789.671818
615799456.9226772
153777692.2299328
225695313904.0806
6677181182.835166
556308753.4635686
1506689804870.644
15334199838.75734
249290807672.786
849147158.7736604
163341533566.7083
87696979727.43626
11057092051.43743
37039939657.4045
1461772398.725557
115753627132.5428
4008519614.883999
1250879171.422405
1521805991598.565
108422464824.9489
290324722940.2552
62079145924.86439
234925855.2824941
167608464621.2959
5289642719.55654
935918495.8500832
216231827991.2863
791759052.9532336
1092019860.294347
102790021145.7019
5206820944.176174
189752959830.4838
227643926.3837362
17797201358.37042
180971996917.0665
95154924478.65956
5104389825.35621
75610033292.16434
371782916921.9549
907375521.3395364
36050312297.85896
5365333494.371352
102918151741.1876
76191049677.0818
218649809281.8783
460211914501.2561
1900041765061.503
75415588834.92345
47512498879.28127
1874412656.537609
73701919611.95476
630448122.2174118
421066651912.5413
1318163721.788328
95734086799.63365
7787891064.074317
9315303626.167126
352935996333.5779
225620102220.8425
23385493886.8776
5378381779.85005
1006759770.65551
8524190694.103971
127527448036.6418
61881717698.60728
1773293010.833529
3123911880.874496
327532318290.6289
75913179484.59351
1199341104689.512
662189732.0240846
346212079230.1479
154786397018.4562
384122091258.3984
88357667220.61118
18995296596.39863
193847348.6407989
79509609524.06531
183323295600.5162
33735144591.89394
1489713230.569758
22814293089.81873
1621114240.651185
95091714280.53464
133012096406.9974
14574911148.7055
5636815827.290394
454877225899.42
152426427426.2503
128539040284.4701
1643433739643.647
1388085763.636954
15236172637.24596
86927554084.44701
3269805550.105683
6075493247.700897
2420271051.368787
20825209723.52726
1217316508897.084
3673520865.460158
472853929482.2385
393844165698.7465
204734062018.3035
1132757696.994299
224411181079.4474
796566663.607756
546229877696.2602
1113482488.558814
904638735.3761848
89976189796.94084
2068764925.262245
604875337.7116572
173786139361.9073
360219117.9759492
41555695601.13256
3258450154.319808
95172906306.63091
1241365049.293352
1150559000668.984
6238055002.786654
293642011318.7146
1025402717.494705
510837570902.4571
78365049276.53494
82013394195.4791
16760524406.29079
8261969936.416476
7786655363.624741
3793036346.080659
154063842600.3944
1004273090.326135
5347054141.936012
30580398871.40294
519684878156.4944
268855902689.9753
999653181.3280807
45516784700.58186
36108076312.53416
3400856821.213022
3193571273.574626
450594576427.5665
899812838.3321595
134915500594.4349
485716552.8926166
4311435649.769708
164008398237.743
4878877305.409274
234018163093.2168
1004080431074.162
217811320133.5752
261412088661.1441
98152424152.78674
6610479488.753773
106161873.2721795
3386443503.119061
12907541612.36637
2466973649334.502
52445167175.59105
103055472077.0866
265113018002.1389
3679903008.977077
786690679.1466738
432673363055.3979
163159879251.8864
5110268219.204329
637881406.913496
94359784393.34798
315426080403.8745
16560220579.57719
5450350008.607085
1074359483.409822
341619307317.6093
178798721301.2874
815653629.7475936
485228317594.4259
62137466605.5374
132160783642.0761
407767253366.5562
776769275519.8407
78946222429.79036
4853444880.509768
227163001686.1863
29347443341.7992
340048553.8290206
224056401578.7307
348830476121.6511
15499292210.55655
439534044.0699292
667008959.867324
64132396783.25256
582518481559.8698
307387399967.5193
7669503263.677078
819913250.9219254
101301454834.6575
185100258672.1337
35366344296.35884
64615155936.835
603091392.9479613
72996369328.14992
115984737.5371401
83083772926.81598
176698249291.6054
19722554940.80127
77175833032.61047
30109800108.02282
52919720644.41294
109867910.8197944
680847269539.7974
3770595685.834896
571076822788.4419
272399187740.5801
274657893460.7395
1523625478.435463
198197647672.7647
10888751014.99189
3210330990.763793
2915942368.080074
522386320.6701288
6069318072.813562
10358365949.42233
152172744958.9149
12613500603.85087
219094818074.1064
772345043889.1545
1237182788.246054
204771932437.5051
204121289424.8573
156456829302.2065
22749034463.74613
240332642.8808677
139486605482.4192
541175815.3088326
499722490703.8785
681465887760.0107
2758129303.502356
3550911541.304553
105749007585.5224
292565972064.343
42817869933.51837
1150559000668.984
718112627.4398073
140085650984.2127
183804034696.1469
95996296944.20755
23224574207.42501
15407176703.53228
68227403523.45665
218590064831.3219
156503892613.461
71488992871.17258
635448116288.3319
50439301218.43633
954582478.7342483
394552650060.3609
1344148103.617921
237209874630.5851
819765179.2707932