27.43382446779912
17.30306453795923
5.033184434834374
25.67591674816079
26.90279122127828
7.040289598773954
9.911771431710999
20.33753745029656
5.123544509816587
22.50518839833201
23.02863934210946
2.291041355232178
20.92183183573743
13.11297101609216
9.226629719072699
3.975531017370674
1.029302197472115
1.80522871919244
5.195314670244278
13.94947543454541
22.84849463330646
18.23260191497837
6.351113385944507
19.87374014786583
12.36859906131375
4.467631434762656
29.39246816772874
4.163833274333358
8.717321818965109
3.620034978764109
7.864251141169111
11.99844494439055
18.64094285130204
19.41872439048446
7.114986887786892
25.83551713376181
14.03025761201038
4.277283038001131
17.20169721234431
25.5221963412973
1.958472076666387
7.64912587037129
14.03595077820978
2.438827730051534
0.9289736567629299
19.63274494529237
9.814632066617406
8.005319381942677
15.55053742422283
8.806675608958075
30.23746411104125
13.23435880552266
16.52000574831628
18.24946165332667
3.09826375147631
15.24234192592659
29.60895571916874
4.618011712114698
17.08378401906895
6.415187945770938
1.029780211468759
4.960832165271631
10.70166479210165
19.93172030945834
18.62742204373877
5.15142088742808
8.886675682740137
13.82458504179039
7.127208746220207
5.757746388222157
2.963564896111279
2.052625283319816
26.0841128536972
0.7241164455020387
0.6555384224830952
12.33884064451044
28.70229894511198
5.966718630497744
16.81171434308158
23.29382967632532
12.62537721915935
4.163968350874005
9.886947582778953
3.212209755925859
12.41527725472961
18.44237065540826
12.07171799592948
13.55534497900597
16.61308837782676
21.78135917595764
22.44378483825939
14.11377297603092
9.864878377053753
2.246375258233688
14.22391303434931
6.052170173000573
2.334480215668956
0.7851521887716698
20.72097300473706
7.668925740866077
2.251193767554911
25.76938711778089
11.15784144124552
24.21137222732587
3.126039047310802
18.81195098709942
13.52600632523439
7.632663657209862
13.31973790290589
4.806113882803599
14.29830773633367
7.446631719092577
3.594576596029549
29.45416770118962
18.47618341876616
19.15261044424894
14.84382351203288
1.27203499956184
17.94540421681355
9.008392484676099
3.325299268676081
18.88955418489751
2.387611174955031
3.785613715958664
13.14555706722202
8.639823622771546
19.63052443802435
1.248956663809778
11.60220972358026
20.79782615672635
17.82931994883246
8.703922413585806
17.4683887693277
21.37828525585921
2.993187927530039
11.15649485564126
9.042310416397388
14.46770458355122
14.29870769774215
22.09792140965101
30.62143260651047
29.79432248779429
11.77885806558908
11.19110759870178
3.963353732550665
12.67607315525894
2.307199389057947
22.11148455199243
3.97736303344929
12.99765208870325
9.316029318988255
8.386918627338803
17.34350404026189
17.31034080934064
11.88157028207904
7.62390677421074
3.517479348104315
9.646977874626439
16.62234819507629
15.0001093229261
4.025901591070912
6.570064188021443
22.04644104087375
12.40816816907358
27.38007786056711
2.382476831109708
26.52153127428084
15.43723502719426
28.91887338507243
13.87652352921554
12.20020434528893
1.083341689307613
12.53486100369563
20.58794307538522
12.16459165238747
3.848721389913141
11.58024773927359
4.118259511228493
12.01205041162448
14.95434095055822
12.20861310981644
9.350017113835644
26.46375233547728
18.46282563043426
19.25441244160401
31.13028869606694
4.676206530116166
8.878248214020626
16.44085009981882
6.390926665374843
6.577210823150459
4.944217146068331
9.393940256353581
23.83033817544378
7.423716144025032
24.80280120940224
30.48308256627309
19.79229134209046
3.179516877825774
19.81643845308338
2.654050709681719
25.43487892603761
3.281425044803919
2.737174798405432
12.18976543721412
4.633431503023017
2.220828882925175
19.77405524461346
1.594122190264542
12.91871265012248
5.694941957993177
11.99115671805889
3.044935468572675
30.09801850441002
8.451488730955342
22.17420549243659
3.915438250005005
24.75688993433677
11.45156360195
13.60365081187768
8.253302677077096
9.649460937987804
7.873889125401821
7.385856560109347
14.86292404219027
3.399451892037164
7.109883329835492
13.70266500937545
30.30249665972786
17.04834046581383
3.33428705876538
13.10941789929517
10.92341338181709
5.824186365770712
6.011618948199632
19.00173137018276
2.818033065347222
14.79518973292877
2.007970404622587
8.020169278054738
18.02330134674026
6.837128424222626
23.55403452786936
30.87299240477059
21.25368671896126
21.62078366069142
14.76918417789438
9.150172884020407
0.6913263855165019
5.513314682777025
9.775379960569326
24.06173780152075
13.77636576782289
18.52828270103718
23.13385436911227
5.560264366314669
2.704227426026415
26.36084398631924
20.28990460538738
6.517280513702579
2.219644897781274
16.68462494465264
24.34156390061056
9.528993288047809
9.551097509284933
3.271947915729425
27.15224820078739
19.60330371839028
2.918200601835366
19.00807390272809
16.40962430113485
17.60111018300745
29.27089627700093
31.9370081338426
13.02917242843353
6.929000458862695
22.10656758058416
12.67877040563261
1.572341593133995
15.67842170188794
27.72109505509738
10.40767729201868
1.885814967827202
2.518064751772435
14.20607543247174
28.26177453791116
17.79299233069362
9.341154095883082
2.850322979860363
17.47577395488115
21.12804596632628
11.78692051417564
16.27207140561237
2.266595762382737
15.00175080776224
0.7383103197136851
13.93323131411783
20.89112112702508
13.81796386121481
15.23218589339615
11.13919705553362
12.09930214263948
0.7066818827779865
29.91943470966295
5.84107879711553
21.49728744195998
16.43019786913942
20.04785620242882
3.715592194747142
12.06723686123947
7.682991249650423
5.758701703268525
6.472479648263542
1.916266351580102
8.99706491490954
10.04715235905768
19.76228274015689
10.74758133836614
22.19570426824488
26.51230067303525
4.304151420633944
20.92538093874727
14.36578764831206
17.62460633255773
9.788644676355357
1.196318317988589
15.19750521422137
2.017336142286206
29.19612251159853
23.65508598089144
6.509840673892344
6.126699635327008
13.80648665199411
18.20123287397854
12.67611271249525
30.09801850441002
2.390612766131394
17.81777671383857
18.14297433827558
12.33182631708174
12.12100484125033
12.82397953419968
12.54067024795677
22.88889347534444
15.4215431474465
16.91705748340424
19.16231180840309
15.42172734825611
3.489114727277597
17.99415537427921
4.152689862106445
21.26999624658277
2.667641660721014