-0.4698463103929542 -0.1710100716628342 -0.8660254037844386
-0.1116188970489495 -0.1330222215594886 0.9848077530122081
-0.32139380484327 -0.3830222215594887 -0.8660254037844384
-0.296198132726024 -0.1710100716628343 -0.939692620785908
-0.296198132726024 -0.1710100716628343 -0.939692620785908
-0.2198463103929545 -0.2620026302293848 -0.939692620785908
-0.08682408883346514 -0.1503837331804348 0.9848077530122081
-0.2620026302293852 -0.219846310392954 -0.939692620785908
-0.2198463103929545 -0.2620026302293848 -0.939692620785908
-0.1710100716628349 -0.4698463103929539 0.8660254037844387
-0.4330127018922194 -0.2499999999999998 -0.8660254037844388
-0.2198463103929545 -0.2620026302293848 -0.939692620785908
-0.2961981327260237 -0.1710100716628342 0.9396926207859084
-0.1710100716628346 -0.2961981327260234 -0.9396926207859084
-0.05939117461388474 -0.1631759111665343 0.9848077530122081
-0.1330222215594894 -0.1116188970489498 -0.9848077530122086
-0.1710100716628346 -0.2961981327260234 -0.9396926207859084
-0.262002630229385 -0.2198463103929539 0.9396926207859084
-0.262002630229385 -0.2198463103929539 0.9396926207859084
-0.1330222215594894 -0.1116188970489498 -0.9848077530122086
-0.1503837331804362 -0.8528685319524432 -0.4999999999999996
-0.500000000000001 -0.866025403784438 2.220446049250313e-16
-0.2620026302293852 -0.219846310392954 -0.939692620785908
-0.2500000000000005 -0.433012701892219 -0.8660254037844388
-0.1330222215594888 -0.1116188970489493 0.9848077530122081
-0.3830222215594892 -0.3213938048432694 -0.8660254037844384
-0.2620026302293858 -0.7198463103929539 -0.6427876096865393
-0.05939117461388501 -0.1631759111665351 -0.9848077530122081
-0.32139380484327 -0.3830222215594887 -0.8660254037844384
-0.11161889704895 -0.1330222215594892 -0.9848077530122086
-0.262002630229385 -0.2198463103929539 0.9396926207859084
0 0 1
-0.2620026302293852 -0.219846310392954 -0.939692620785908
-0.2620026302293852 -0.219846310392954 -0.939692620785908
-0.2198463103929543 -0.2620026302293846 0.9396926207859084
-0.4330127018922194 -0.2499999999999997 0.8660254037844387
-0.32139380484327 -0.3830222215594887 -0.8660254037844384
-0.2198463103929543 -0.2620026302293846 0.9396926207859084
-0.9254165783983233 -0.3368240888334649 0.1736481776669306
-0.3830222215594891 -0.3213938048432693 0.8660254037844387
-0.150383733180435 -0.08682408883346487 0.9848077530122081
-0.262002630229385 -0.2198463103929539 0.9396926207859084
-0.1330222215594888 -0.1116188970489493 0.9848077530122081
-0.2620026302293852 -0.219846310392954 -0.939692620785908
-0.2620026302293852 -0.219846310392954 -0.939692620785908
-0.1330222215594888 -0.1116188970489493 0.9848077530122081
-0.1330222215594888 -0.1116188970489493 0.9848077530122081
-0.262002630229385 -0.2198463103929539 0.9396926207859084
-0.32139380484327 -0.3830222215594887 -0.8660254037844384
-0.32139380484327 -0.3830222215594887 -0.8660254037844384
-0.1710100716628346 -0.2961981327260235 0.9396926207859084
0.1116188970489498 -0.1330222215594895 -0.9848077530122086
-0.4330127018922202 -0.7499999999999996 -0.4999999999999998
-0.1710100716628346 -0.2961981327260235 0.9396926207859084
-0.32139380484327 -0.3830222215594887 -0.8660254037844384
-0.08682408883346554 -0.1503837331804355 -0.9848077530122086
-0.2500000000000004 -0.433012701892219 0.8660254037844387
-0.08682408883346514 -0.1503837331804348 0.9848077530122081
-0.2500000000000005 -0.433012701892219 -0.8660254037844388
-0.08682408883346514 -0.1503837331804348 0.9848077530122081
-0.262002630229385 -0.2198463103929539 0.9396926207859084
-0.262002630229385 -0.2198463103929539 0.9396926207859084
-0.2198463103929545 -0.2620026302293848 -0.939692620785908
-1.100020678255312e-16 3.022281974439637e-16 -0.9999999999999996
-0.9254165783983235 -0.336824088833465 -0.1736481776669299
-0.2198463103929545 -0.2620026302293848 -0.939692620785908
-0.262002630229385 -0.2198463103929539 0.9396926207859084
-1.224646799147353e-16 -1.499759782661858e-32 -1
-0.2198463103929543 -0.2620026302293846 0.9396926207859084
-0.2620026302293852 -0.219846310392954 -0.939692620785908
-0.262002630229385 -0.2198463103929539 0.9396926207859084
-0.2620026302293852 -0.219846310392954 -0.939692620785908
-0.3420201433256698 -0.9396926207859081 0
-0.1330222215594888 -0.1116188970489493 0.9848077530122081
-0.1330222215594888 -0.1116188970489493 0.9848077530122081
-0.32139380484327 -0.3830222215594887 -0.8660254037844384
-0.3213938048432695 -0.1169777784405108 0.9396926207859084
-0.2198463103929545 -0.2620026302293848 -0.939692620785908
-0.1330222215594888 -0.1116188970489493 0.9848077530122081
-0.4924038765061046 -0.5868240888334647 0.6427876096865394
-0.262002630229385 -0.2198463103929539 0.9396926207859084
-0.32139380484327 -0.3830222215594887 -0.8660254037844384
-0.1710100716628346 -0.2961981327260234 -0.9396926207859084
-0.262002630229385 -0.2198463103929539 0.9396926207859084
-0.3830222215594891 -0.3213938048432693 0.8660254037844387
0 0 1
-0.4924038765061045 -0.5868240888334647 -0.6427876096865393
-0.2198463103929545 -0.2620026302293848 -0.939692620785908
0.03015368960704556 -0.171010071662834 0.9848077530122081
-0.1169777784405114 -0.3213938048432696 -0.939692620785908
-1.100020678255312e-16 3.022281974439637e-16 -0.9999999999999996
-0.2500000000000005 -0.433012701892219 -0.8660254037844388
-0.1710100716628339 0.03015368960704624 0.9848077530122081
-0.2198463103929545 -0.2620026302293848 -0.939692620785908
0 0 1
-0.2198463103929545 -0.2620026302293848 -0.939692620785908
-0.150383733180435 -0.08682408883346487 0.9848077530122081
-0.2198463103929545 -0.2620026302293848 -0.939692620785908
-0.08682408883346554 -0.1503837331804355 -0.9848077530122086
-0.2198463103929545 -0.2620026302293848 -0.939692620785908
-0.1330222215594888 -0.1116188970489493 0.9848077530122081
-0.171010071662835 -0.4698463103929544 -0.8660254037844386
-0.3830222215594891 -0.3213938048432693 0.8660254037844387
-0.3830222215594891 -0.3213938048432693 0.8660254037844387
-0.2198463103929545 -0.2620026302293848 -0.939692620785908
3.022281974439636e-16 1.100020678255314e-16 -0.9999999999999998
-0.7500000000000003 -0.433012701892219 -0.4999999999999996
-0.2198463103929545 -0.2620026302293848 -0.939692620785908
-0.1330222215594888 -0.1116188970489493 0.9848077530122081
-0.2198463103929545 -0.2620026302293848 -0.939692620785908
-0.1116188970489495 -0.1330222215594886 0.9848077530122081
-0.2198463103929543 -0.2620026302293846 0.9396926207859084
-0.262002630229385 -0.2198463103929539 0.9396926207859084
-0.3213938048432703 -0.5566703992264188 0.7660444431189781
0.1503837331804355 -0.08682408883346557 -0.984807753012209
-0.6040227735550536 -0.219846310392954 0.7660444431189781
-0.1710100716628346 -0.2961981327260234 -0.9396926207859084
-0.2198463103929545 -0.2620026302293848 -0.939692620785908
-0.262002630229385 -0.2198463103929539 0.9396926207859084
-0.05939117461388501 -0.1631759111665351 -0.9848077530122081
-0.2198463103929545 -0.2620026302293848 -0.939692620785908
-0.171010071662835 -0.4698463103929544 -0.8660254037844386
-0.296198132726024 -0.1710100716628343 -0.939692620785908
-0.262002630229385 -0.2198463103929539 0.9396926207859084
-0.3213938048432699 -0.3830222215594887 0.8660254037844387
-0.2620026302293852 -0.219846310392954 -0.939692620785908
-1.100020678255312e-16 3.022281974439637e-16 -0.9999999999999996
-0.2198463103929543 -0.2620026302293846 0.9396926207859084
-0.171010071662834 -0.03015368960704572 0.9848077530122081
3.190940122959196e-16 0.1736481776669299 0.9848077530122081
-1.224646799147353e-16 -1.499759782661858e-32 -1
-0.262002630229385 -0.2198463103929539 0.9396926207859084
-0.11161889704895 -0.1330222215594892 -0.9848077530122086
-0.2198463103929548 -0.6040227735550532 -0.7660444431189779
-0.2620026302293852 -0.219846310392954 -0.939692620785908
-0.08682408883346554 -0.1503837331804355 -0.9848077530122086
-0.262002630229385 -0.2198463103929539 0.9396926207859084
-0.3213938048432699 -0.3830222215594887 0.8660254037844387
0 0 1
-0.2198463103929545 -0.2620026302293848 -0.939692620785908
-0.5566703992264194 -0.3213938048432693 0.7660444431189781
-0.2500000000000004 -0.433012701892219 0.8660254037844387
-0.262002630229385 -0.2198463103929539 0.9396926207859084
-0.2198463103929545 -0.2620026302293848 -0.939692620785908
-0.1503837331804357 -0.08682408883346528 -0.9848077530122086
-0.32139380484327 -0.3830222215594887 -0.8660254037844384
-0.05939117461388501 -0.1631759111665351 -0.9848077530122081
-0.6040227735550536 -0.219846310392954 0.7660444431189781
-0.2198463103929543 -0.2620026302293846 0.9396926207859084
-0.2198463103929545 -0.2620026302293848 -0.939692620785908
-0.2198463103929543 -0.2620026302293846 0.9396926207859084
-1.821553207821467e-16 -0.1736481776669299 0.9848077530122081
-0.3368240888334662 -0.925416578398323 -0.1736481776669303
-0.4698463103929541 -0.1710100716628342 0.8660254037844387
-0.3830222215594892 -0.3213938048432694 -0.8660254037844384
-0.05939117461388501 -0.1631759111665351 -0.9848077530122081
-0.11161889704895 -0.1330222215594892 -0.9848077530122086
-0.05939117461388501 -0.1631759111665351 -0.9848077530122081
-0.2198463103929543 -0.2620026302293846 0.9396926207859084
-0.11161889704895 -0.1330222215594892 -0.9848077530122086
-0.1631759111665352 -0.0593911746138848 -0.9848077530122081
-1.821553207821475e-16 -0.1736481776669307 -0.9848077530122086
-0.6040227735550538 -0.2198463103929541 -0.7660444431189779
-0.3830222215594898 -0.6634139481689381 -0.6427876096865395
-0.3213938048432699 -0.3830222215594887 0.8660254037844387
-0.150383733180435 -0.08682408883346487 0.9848077530122081
-0.1710100716628346 -0.2961981327260235 0.9396926207859084
-0.3213938048432699 -0.3830222215594887 0.8660254037844387
-0.4698463103929541 -0.1710100716628342 0.8660254037844387
-0.2500000000000005 -0.433012701892219 -0.8660254037844388
-0.262002630229385 -0.2198463103929539 0.9396926207859084
-0.150383733180435 -0.08682408883346487 0.9848077530122081
-0.262002630229385 -0.2198463103929539 0.9396926207859084
-0.4330127018922194 -0.2499999999999997 0.8660254037844387
-0.2198463103929545 -0.2620026302293848 -0.939692620785908
-0.2198463103929543 -0.2620026302293846 0.9396926207859084
-0.32139380484327 -0.3830222215594887 -0.8660254037844384
-0.1330222215594894 -0.1116188970489498 -0.9848077530122086
-0.1169777784405114 -0.3213938048432696 -0.939692620785908
-0.2198463103929543 -0.2620026302293846 0.9396926207859084
0.05939117461388439 -0.1631759111665345 0.9848077530122081
-0.2961981327260237 -0.1710100716628342 0.9396926207859084
-0.3830222215594891 -0.3213938048432693 0.8660254037844387
-0.1330222215594888 -0.1116188970489493 0.9848077530122081
-0.150383733180435 -0.08682408883346487 0.9848077530122081
-0.9254165783983235 -0.336824088833465 -0.1736481776669299
-0.1330222215594894 -0.1116188970489498 -0.9848077530122086
0 0 1
-0.2620026302293852 -0.219846310392954 -0.939692620785908
-0.2198463103929545 -0.2620026302293848 -0.939692620785908
-0.262002630229385 -0.2198463103929539 0.9396926207859084
-0.2198463103929545 -0.2620026302293848 -0.939692620785908
-0.262002630229385 -0.2198463103929539 0.9396926207859084
-0.4330127018922194 -0.2499999999999997 0.8660254037844387
-0.03015368960704591 -0.1710100716628339 0.9848077530122081
-0.150383733180435 -0.08682408883346487 0.9848077530122081
-0.6040227735550536 -0.219846310392954 0.7660444431189781
-0.2500000000000005 -0.433012701892219 -0.8660254037844388
-0.1330222215594894 -0.1116188970489498 -0.9848077530122086
-0.1330222215594888 -0.1116188970489493 0.9848077530122081
-0.05939117461388474 -0.1631759111665343 0.9848077530122081
-0.05939117461388501 -0.1631759111665351 -0.9848077530122081
-0.3830222215594891 -0.3213938048432693 0.8660254037844387
-0.171010071662834 -0.03015368960704572 0.9848077530122081
-0.262002630229385 -0.2198463103929539 0.9396926207859084
-0.2198463103929545 -0.2620026302293848 -0.939692620785908
-0.2198463103929545 -0.2620026302293848 -0.939692620785908
3.190940122959196e-16 0.1736481776669299 0.9848077530122081
-0.2620026302293852 -0.219846310392954 -0.939692620785908
-9.381338752702737e-17 -7.871877887341981e-17 -1
-0.2961981327260237 -0.1710100716628342 0.9396926207859084
-0.4924038765061045 -0.5868240888334647 -0.6427876096865393
-0.3830222215594892 -0.3213938048432694 -0.8660254037844384
-0.2500000000000004 -0.433012701892219 0.8660254037844387
0.0301536896070457 -0.1710100716628348 -0.9848077530122086
-1.224646799147353e-16 -1.499759782661858e-32 -1
-0.262002630229385 -0.2198463103929539 0.9396926207859084
-0.1631759111665344 -0.05939117461388453 0.9848077530122081
-0.1710100716628339 0.03015368960704624 0.9848077530122081
0.1116188970489498 -0.1330222215594895 -0.9848077530122086
-0.32139380484327 -0.3830222215594887 -0.8660254037844384
-0.150383733180435 -0.08682408883346487 0.9848077530122081
-0.2198463103929545 -0.2620026302293848 -0.939692620785908
-0.03015368960704606 -0.1710100716628347 -0.9848077530122081
-0.171010071662835 -0.4698463103929544 -0.8660254037844386
-0.08682408883346554 -0.1503837331804355 -0.9848077530122086
-0.1736481776669307 -2.126576849575776e-17 -0.9848077530122086
-0.2198463103929545 -0.2620026302293848 -0.939692620785908
-0.2500000000000004 -0.433012701892219 0.8660254037844387
-0.3213938048432706 -0.8830222215594886 -0.3420201433256682
-0.150383733180435 -0.08682408883346487 0.9848077530122081
-0.08682408883346554 -0.1503837331804355 -0.9848077530122086
-0.2198463103929545 -0.2620026302293848 -0.939692620785908
-0.1330222215594888 -0.1116188970489493 0.9848077530122081
-0.32139380484327 -0.3830222215594887 -0.8660254037844384
-1.100020678255312e-16 3.022281974439637e-16 -0.9999999999999996
-0.2198463103929543 -0.2620026302293846 0.9396926207859084
-0.262002630229385 -0.2198463103929539 0.9396926207859084
-0.262002630229385 -0.2198463103929539 0.9396926207859084
-0.2198463103929545 -0.2620026302293848 -0.939692620785908
-0.2620026302293852 -0.219846310392954 -0.939692620785908
-0.2620026302293852 -0.219846310392954 -0.939692620785908
-0.3213938048432699 -0.3830222215594887 0.8660254037844387
-0.7198463103929542 -0.2620026302293848 0.6427876096865395
-0.262002630229385 -0.2198463103929539 0.9396926207859084
-0.4698463103929542 -0.1710100716628342 -0.8660254037844386
-0.1710100716628346 -0.2961981327260234 -0.9396926207859084
-0.03015368960704591 -0.1710100716628339 0.9848077530122081
-0.262002630229385 -0.2198463103929539 0.9396926207859084
-0.11161889704895 -0.1330222215594892 -0.9848077530122086
-0.08682408883346514 -0.1503837331804348 0.9848077530122081
-0.4131759111665352 -0.4924038765061036 0.7660444431189781
-0.262002630229385 -0.2198463103929539 0.9396926207859084
0.1503837331804348 -0.08682408883346515 0.9848077530122081
-0.6040227735550536 -0.219846310392954 0.7660444431189781
-0.2198463103929545 -0.2620026302293848 -0.939692620785908
-0.32139380484327 -0.3830222215594887 -0.8660254037844384
-0.3213938048432695 -0.1169777784405108 0.9396926207859084
-0.296198132726024 -0.1710100716628343 -0.939692620785908
-0.171010071662834 -0.03015368960704572 0.9848077530122081
-0.32139380484327 -0.3830222215594887 -0.8660254037844384
-0.2620026302293852 -0.219846310392954 -0.939692620785908
0 0 1
-0.2961981327260237 -0.1710100716628342 0.9396926207859084
-0.1710100716628346 -0.2961981327260234 -0.9396926207859084
-0.08682408883346554 -0.1503837331804355 -0.9848077530122086
-0.2500000000000004 -0.433012701892219 0.8660254037844387
0.1631759111665343 -0.05939117461388479 0.9848077530122081
-0.1116188970489495 -0.1330222215594886 0.9848077530122081
-0.1503837331804357 -0.08682408883346528 -0.9848077530122086
-0.2961981327260237 -0.1710100716628342 0.9396926207859084
-0.3213938048432699 -0.3830222215594887 0.8660254037844387
-0.2961981327260237 -0.1710100716628342 0.9396926207859084
-0.171010071662835 -0.4698463103929544 -0.8660254037844386
-0.2500000000000005 -0.433012701892219 -0.8660254037844388
-0.2198463103929545 -0.2620026302293848 -0.939692620785908
-0.2961981327260237 -0.1710100716628342 0.9396926207859084
-1.608122649676642e-16 -2.785350134042218e-16 -0.9999999999999998
-0.1330222215594888 -0.1116188970489493 0.9848077530122081
-0.05939117461388501 -0.1631759111665351 -0.9848077530122081
-0.4330127018922194 -0.2499999999999998 -0.8660254037844388
-0.262002630229385 -0.2198463103929539 0.9396926207859084
-0.2198463103929543 -0.2620026302293846 0.9396926207859084
-0.11161889704895 -0.1330222215594892 -0.9848077530122086
-1.060575238724907e-16 -6.123233995736762e-17 -1
-0.3213938048432695 -0.1169777784405108 0.9396926207859084
0.1631759111665345 0.05939117461388429 0.9848077530122081
-0.1503837331804357 -0.08682408883346528 -0.9848077530122086
-0.2198463103929545 -0.2620026302293848 -0.939692620785908
-0.05939117461388427 0.1631759111665345 0.9848077530122081
-0.11161889704895 -0.1330222215594892 -0.9848077530122086
-1.224646799147353e-16 -1.499759782661858e-32 -1
-0.2620026302293852 -0.219846310392954 -0.939692620785908
-0.32139380484327 -0.3830222215594887 -0.8660254037844384
-0.2961981327260237 -0.1710100716628342 0.9396926207859084
-0.2198463103929545 -0.2620026302293848 -0.939692620785908
-0.3213938048432699 -0.3830222215594887 0.8660254037844387
-0.150383733180435 -0.08682408883346487 0.9848077530122081
-0.03015368960704606 -0.1710100716628347 -0.9848077530122081
-0.1330222215594888 -0.1116188970489493 0.9848077530122081
-0.4924038765061044 -0.4131759111665346 -0.7660444431189779
-0.1330222215594888 -0.1116188970489493 0.9848077530122081
-0.262002630229385 -0.2198463103929539 0.9396926207859084
-0.5566703992264197 -0.3213938048432695 -0.7660444431189779
-0.262002630229385 -0.2198463103929539 0.9396926207859084
-0.2198463103929548 -0.6040227735550532 -0.7660444431189779
-0.3830222215594898 -0.6634139481689381 -0.6427876096865395
-0.1169777784405114 -0.3213938048432696 -0.939692620785908
-0.1330222215594894 -0.1116188970489498 -0.9848077530122086
-0.4131759111665354 -0.4924038765061038 -0.7660444431189783
-0.262002630229385 -0.2198463103929539 0.9396926207859084
-0.05939117461388474 -0.1631759111665343 0.9848077530122081
-0.2198463103929545 -0.2620026302293848 -0.939692620785908
-0.150383733180435 -0.08682408883346487 0.9848077530122081
-0.1631759111665342 0.05939117461388502 0.9848077530122081
-0.262002630229385 -0.2198463103929539 0.9396926207859084
-0.1330222215594888 -0.1116188970489493 0.9848077530122081
-0.262002630229385 -0.2198463103929539 0.9396926207859084
-0.5566703992264197 -0.3213938048432695 -0.7660444431189779
-0.3213938048432698 -0.1169777784405109 -0.9396926207859082
-0.08682408883346554 -0.1503837331804355 -0.9848077530122086
-1.100020678255312e-16 3.022281974439637e-16 -0.9999999999999996
-0.4131759111665354 -0.4924038765061038 -0.7660444431189783
-0.11161889704895 -0.1330222215594892 -0.9848077530122086
-0.11161889704895 -0.1330222215594892 -0.9848077530122086
-0.2620026302293852 -0.219846310392954 -0.939692620785908
-0.2620026302293852 -0.219846310392954 -0.939692620785908
-0.32139380484327 -0.3830222215594887 -0.8660254037844384
-0.4330127018922194 -0.2499999999999997 0.8660254037844387
-0.1710100716628354 -0.969846310392954 -0.1736481776669303
-0.262002630229385 -0.2198463103929539 0.9396926207859084
-0.2198463103929543 -0.2620026302293846 0.9396926207859084
-0.11161889704895 -0.1330222215594892 -0.9848077530122086
-0.6040227735550538 -0.2198463103929541 -0.7660444431189779
-0.3830222215594891 -0.3213938048432693 0.8660254037844387
-0.2500000000000004 -0.433012701892219 0.8660254037844387
-0.3830222215594891 -0.3213938048432693 0.8660254037844387
1.060575238724906e-16 -6.12323399573678e-17 -1
-0.3830222215594891 -0.3213938048432693 0.8660254037844387
-0.3830222215594891 -0.3213938048432693 0.8660254037844387
-0.3830222215594892 -0.3213938048432694 -0.8660254037844384
0.0301536896070457 -0.1710100716628348 -0.9848077530122086
-0.2620026302293852 -0.219846310392954 -0.939692620785908
-0.4330127018922194 -0.2499999999999997 0.8660254037844387
-0.2198463103929545 -0.2620026302293848 -0.939692620785908
0 0 1
-0.3420201433256698 -0.9396926207859081 0
-0.1330222215594894 -0.1116188970489498 -0.9848077530122086
-0.1116188970489495 -0.1330222215594886 0.9848077530122081
-1.224646799147353e-16 -1.499759782661858e-32 -1
-0.32139380484327 -0.3830222215594887 -0.8660254037844384
-0.1330222215594894 -0.1116188970489498 -0.9848077530122086
-0.2198463103929545 -0.2620026302293848 -0.939692620785908