2.5 0.901521 0.330636
2.5 2.45571 -0.751412
2.5 1.53289 -0.0430236
2.5 -1.85511 0.0225082
2.5 -2.18182 -0.592649
2.5 -1.9071 0.106712
2.5 -2.10882 -0.50465
2.5 -0.306043 -0.496629
2.5 -0.293132 -0.71597
2.5 0.802077 -0.970834
2.5 -1.18578 -0.284942
2.5 -0.049195 0.035786
2.5 -1.73086 0.170469
2.5 2.11366 -0.0287388
2.5 2.33004 -0.166702
2.5 -0.0448176 0.158407
2.5 1.91297 -0.367185
2.5 1.42296 0.39265
2.5 1.49549 -0.847682
2.5 -1.10057 -0.268031
2.5 -0.185034 -0.489417
2.5 0.0380421 0.428218
2.5 -1.33037 0.10784
2.5 -0.27103 -0.928833
2.5 -1.28436 0.189219
2.5 1.70049 0.549427
2.5 -0.224534 0.455636
2.5 -0.424593 -0.0730273
2.5 0.672593 -0.0237955
2.5 -1.33253 -0.439861
2.5 2.2998 -0.765214
2.5 0.862604 0.0169259
2.5 -1.58648 -0.463268
2.5 0.561742 0.561375
2.5 2.44891 -0.265367
2.5 2.47283 -0.810931
2.5 1.1799 -0.617243
2.5 1.83169 0.529316
2.5 0.381772 -0.182481
2.5 -0.640033 -0.427743
2.5 1.32314 -0.878105
2.5 0.261189 -0.651863
2.5 2.33602 0.340118
2.5 1.26896 0.790505
2.5 -0.36389 -0.657602
2.5 -1.80431 -0.552265
2.5 -1.0306 -0.431371
2.5 -1.48149 0.686785
2.5 -1.60135 0.860475
2.5 1.01136 0.980023
2.5 0.495429 0.134167
2.5 0.793898 0.723923
2.5 -2.40099 -0.430987
2.5 -1.74341 -0.524131
2.5 -0.122635 -0.250426
2.5 -1.30913 0.593799
2.5 0.109176 0.480249
2.5 -0.63108 -0.330092
2.5 0.0646601 -0.884137
2.5 0.651254 -0.103362
2.5 1.04514 0.996061
2.5 -1.403 0.569813
2.5 2.31136 0.826227
2.5 -1.21353 0.0822385
2.5 -0.288183 0.423464
2.5 2.4804 0.28633
2.5 -0.000721574 -0.603743
2.5 0.603614 0.613735
2.5 1.37301 0.454084
2.5 1.81148 -0.103899
2.5 0.50937 0.360124
2.5 -0.204991 0.0884459
2.5 -1.61481 -0.821722
2.5 2.31257 -0.340464
2.5 -1.80345 0.151923
2.5 0.998697 0.390555
2.5 -2.45802 -0.472912
2.5 -1.75695 -0.752357
2.5 0.681787 0.381394
2.5 -1.16298 0.608548
2.5 0.192519 -0.213687
2.5 -0.710599 -0.693086
2.5 1.42989 0.564858
2.5 0.572221 0.446346
2.5 -0.403991 0.134922
2.5 0.0586696 -0.27523
2.5 -1.17212 0.0505568
2.5 0.476479 -0.0550288
2.5 -1.91408 0.180827
2.5 -2.17632 -0.680842
2.5 -0.505573 -0.657332
2.5 0.3318 -0.0757993
2.5 -2.06748 -0.842646
2.5 0.885089 -0.92565
2.5 2.45161 -0.592063
2.5 -1.62542 0.894771
2.5 -0.410947 -0.371229
2.5 -0.474609 -0.99279
2.5 1.80272 -0.999269
2.5 -0.655689 -0.921971
2.5 -1.79757 0.737582
2.5 -1.85148 -0.345315
2.5 1.67566 -0.611889
2.5 -0.51027 0.658082
2.5 0.640471 -0.293225
2.5 -1.27788 -0.766558
2.5 0.184917 0.0382672
2.5 0.103337 -0.638059
2.5 2.04958 -0.209105
2.5 -1.24776 -0.590758
2.5 2.26346 -0.227278
2.5 -0.981628 -0.0604197
2.5 -0.207131 0.793186
2.5 1.1452 0.40922
2.5 -0.462156 -1.06444e-05
2.5 1.07018 -0.258875
2.5 2.3867 -0.792665
2.5 -1.40266 0.591851
2.5 2.36791 -0.691057
2.5 -1.93687 0.48286
2.5 0.161889 0.0775502
2.5 1.1959 0.562507
2.5 0.75521 0.786437
2.5 -1.63986 0.0256268
2.5 0.981245 -0.33351
2.5 0.267974 0.21833
2.5 -0.398398 0.66808
2.5 -1.48319 -0.264754
2.5 0.759671 0.0110044
2.5 -1.37561 0.957049
2.5 2.32628 0.0636243
2.5 -0.588684 -0.104695
2.5 0.316191 0.794276
2.5 -1.40252 -0.227633
2.5 -0.636008 -0.105866
2.5 -0.0183209 -0.879483
2.5 2.47594 -0.379671
2.5 -2.32365 0.0107252
2.5 2.41606 -0.784607
2.5 -1.83785 -0.381186
2.5 -1.78998 0.645165
2.5 1.99709 0.595295
2.5 0.822378 0.0207103
2.5 2.2739 0.87279
2.5 0.0859412 -0.689735
2.5 -0.627024 -0.18334
2.5 -0.632227 0.509714
2.5 0.139709 0.973002
2.5 -2.1697 -0.729452
2.5 1.42163 -0.685012
2.5 2.11742 0.772048
2.5 0.153763 0.216125
2.5 -1.22138 -0.563443
2.5 -0.319354 0.828067
2.5 1.37793 -0.512287
2.5 -1.90392 0.477184
2.5 -1.9139 0.498817
2.5 0.328288 -0.316544
2.5 2.1756 0.259773
2.5 1.88508 0.903757
2.5 -0.660672 0.610627
2.5 -0.0724038 0.963677
2.5 -1.13306 -0.0771899
2.5 1.7093 -0.249093
2.5 -2.31912 0.609824
2.5 -1.70369 0.0113178
2.5 1.93904 0.0584779
2.5 -2.08468 -0.819848
2.5 1.0726 -0.746195
2.5 0.101627 -0.0623415
2.5 0.394431 -0.436345
2.5 1.19788 -0.658125
2.5 0.898272 -0.385557
2.5 1.92953 0.357627
2.5 -1.02433 0.28632
2.5 1.14553 0.629361
2.5 0.727909 -0.107082
2.5 -0.702712 -0.803142
2.5 -0.5068 0.255748
2.5 0.502868 -0.370843
2.5 -0.948838 -0.0892464
2.5 1.48451 -0.17701
2.5 1.10754 -0.3557
2.5 1.95346 0.508931
2.5 -2.20802 0.117305
2.5 -1.62051 0.692947
2.5 -2.0915 -0.655627
2.5 1.92179 0.293335
2.5 -0.378836 0.519204
2.5 -0.594405 0.177592
2.5 2.18771 0.425262
2.5 0.593551 0.959802
2.5 -1.21088 0.600115
2.5 0.636592 -0.0303768
2.5 -0.677048 0.737316
2.5 1.71622 0.00987871
2.5 -0.2572 -0.642292
2.5 -0.869265 -0.0404273
2.5 0.0920561 0.68466
2.5 1.68248 0.446921
2.5 1.54881 -0.32682
2.5 -0.103358 -0.365632
2.5 -1.27317 0.396447
2.5 -0.606559 -0.557315
2.5 2.00351 -0.32613
2.5 -0.210386 -0.668209
2.5 -1.4791 0.48089
2.5 0.669354 0.0663097
2.5 -0.0421429 -0.337306
2.5 0.986607 0.0743965
2.5 -1.34628 -0.265984
2.5 -1.05244 0.10904
2.5 1.7547 -0.259902
2.5 -0.00578979 -0.940488
2.5 -2.14323 -0.700944
2.5 -0.761167 0.364611
2.5 -0.419123 -0.441959
2.5 1.22965 0.26364
2.5 -1.38004 -0.213409
2.5 -2.21854 -0.518897
2.5 -0.938055 0.735786
2.5 -1.12953 -0.561789
2.5 2.11576 -0.660373
2.5 0.442382 0.513831
2.5 0.866104 -0.201774
2.5 -2.25258 -0.933083
2.5 0.539227 -0.916077
2.5 0.745679 -0.257533
2.5 0.939793 -0.0313241
2.5 -1.4825 0.320145
2.5 1.00301 -0.50562
2.5 -0.1311 -0.658531
2.5 -1.33048 -0.577071
2.5 -1.25567 -0.351481
2.5 -1.18231 0.605802
2.5 -1.11117 -0.78872
2.5 1.00121 -0.561116
2.5 1.05432 0.433667
2.5 -1.53079 -0.68846
2.5 2.22413 0.134795
2.5 0.0868801 -0.231103
2.5 -0.716844 0.935077
2.5 -1.91053 -0.992406
2.5 0.819839 0.467072
2.5 0.550356 0.843019
2.5 2.46086 0.240348
2.5 -0.534153 0.585319
2.5 0.49216 0.808051
2.5 -1.71358 -0.774179
2.5 0.197907 -0.795686
-1.87003 2.5 0.752003
-0.0423232 2.5 -0.50855
-2.33436 2.5 0.71623
0.34597 2.5 -0.747427
0.744246 2.5 0.666191
1.56593 2.5 0.909878
0.20497 2.5 0.77087
-1.50503 2.5 0.15254
2.10025 2.5 0.332376
0.377511 2.5 -0.676583
0.121677 2.5 -0.273395
-0.997605 2.5 0.75146
1.2684 2.5 -0.410177
-0.88555 2.5 0.0480496
0.7709 2.5 -0.279054
1.63759 2.5 -0.561855
0.0249296 2.5 0.784381
2.24999 2.5 -0.113541
-0.645077 2.5 0.483397
0.00735966 2.5 -0.555305
-0.841924 2.5 0.974639
-1.57309 2.5 0.438388
-0.351746 2.5 0.85419
1.9045 2.5 -0.752905
-1.6593 2.5 -0.208255
-0.78325 2.5 -0.00331387
0.904962 2.5 -0.0593768
2.46333 2.5 -0.454722
1.95633 2.5 -0.987219
-1.66815 2.5 0.33968
-2.39249 2.5 -0.881745
1.96364 2.5 0.00685626
1.72256 2.5 -0.379174
-1.49419 2.5 -0.909652
1.32046 2.5 0.277542
-2.25663 2.5 0.0141633
0.856017 2.5 -0.908581
0.927329 2.5 -0.882951
-0.906586 2.5 0.754676
-2.20466 2.5 -0.0510497
1.79788 2.5 0.270244
0.0823493 2.5 -0.283874
-0.283569 2.5 -0.314316
0.652432 2.5 -0.89224
0.251775 2.5 0.491697
1.69758 2.5 -0.0845079
-1.81002 2.5 0.990248
1.9631 2.5 -0.164774
-0.701901 2.5 0.0198449
1.31157 2.5 -0.0603805
-2.29609 2.5 0.978231
-1.93229 2.5 0.754664
-0.513171 2.5 0.983103
-2.24484 2.5 0.420489
-1.41065 2.5 0.666023
1.15233 2.5 0.819335
-1.07347 2.5 0.231085
-2.48097 2.5 0.0609993
-1.5758 2.5 -0.708783
2.46261 2.5 -0.369915
-1.31879 2.5 -0.279916
-2.08587 2.5 -0.308955
-1.67086 2.5 0.792559
1.98229 2.5 0.64642
-1.83233 2.5 0.80949
-1.33318 2.5 -0.461758
-0.298704 2.5 0.287914
1.77884 2.5 0.309447
1.57726 2.5 -0.864118
2.21598 2.5 0.417671
-0.488449 2.5 0.880437
-0.0119235 2.5 0.000275253
-2.42391 2.5 0.752857
-0.401315 2.5 -0.0399236
1.19401 2.5 -0.982548
0.617042 2.5 -0.899376
1.38015 2.5 -0.0350214
-0.247878 2.5 0.181289
-0.763255 2.5 0.024917
0.786835 2.5 0.125799
-1.50219 2.5 -0.0952698
-1.95351 2.5 -0.950266
1.58689 2.5 -0.479763
2.33956 2.5 -0.0842558
-0.628356 2.5 -0.157857
2.4494 2.5 -0.128618
-0.0213357 2.5 -0.239809
2.41012 2.5 0.139521
2.04787 2.5 -0.427214
0.534469 2.5 -0.938491
-0.0615652 2.5 0.21225
0.573187 2.5 0.106962
-0.927948 2.5 0.859196
1.69613 2.5 -0.167348
1.40836 2.5 -0.428465
2.40582 2.5 -0.557687
-0.259652 2.5 0.442831
-0.916326 2.5 -0.640883
1.14367 2.5 -0.160921
-0.110479 2.5 0.809013
2.05331 2.5 0.10083
-2.34962 2.5 0.079432
-0.0432448 2.5 0.399538
-1.24906 2.5 0.195022
-0.576066 2.5 0.949684
-0.909002 2.5 -0.556685
2.30184 2.5 0.356627
1.95223 2.5 -0.165934
-1.30976 2.5 0.447544
2.33228 2.5 -0.582139
-0.850641 2.5 -0.201378
1.51999 2.5 0.187664
-0.679847 2.5 0.844321
1.98525 2.5 0.281515
-2.06822 2.5 0.49657
-0.407697 2.5 -0.271303
-0.34289 2.5 -0.458668
0.782927 2.5 0.709392
1.66362 2.5 0.0944583
-0.206421 2.5 0.917205
2.48809 2.5 0.33064
0.320193 2.5 0.298265
2.12017 2.5 -0.612134
-1.59476 2.5 -0.991738
-0.557812 2.5 0.782862
-1.62586 2.5 -0.186829
0.731017 2.5 0.468965
-1.42268 2.5 0.310903
-2.27227 2.5 0.850777
-2.26452 2.5 -0.999683
1.63922 2.5 0.676553
-0.682481 2.5 0.934605
0.991564 2.5 0.0959969
0.457558 2.5 0.270054
1.35011 2.5 -0.682183
-1.13771 2.5 -0.435196
-0.156019 2.5 0.0448134
1.74162 2.5 -0.0142442
-1.25261 2.5 0.140243
-0.256431 2.5 0.711345
1.00712 2.5 0.457701
-1.02692 2.5 0.29322
-1.33847 2.5 0.543215
1.4664 2.5 0.364139
-1.03803 2.5 -0.252375
1.21066 2.5 0.320554
-0.288214 2.5 -0.169447
2.10019 2.5 0.125685
-1.36474 2.5 -0.754099
1.03491 2.5 0.858027
1.59325 2.5 0.783222
-1.55502 2.5 -0.91443
0.850046 2.5 0.0679344
-1.03811 2.5 0.245399
-2.45027 2.5 -0.820148
-0.902642 2.5 -0.0365733
-2.25684 2.5 0.883625
-2.05146 2.5 -0.321842
-1.49577 2.5 -0.91858
2.38364 2.5 -0.716827
-0.320908 2.5 -0.901424
-0.0961945 2.5 0.362528
1.8934 2.5 -0.543598
-1.98489 2.5 -0.724169
1.3679 2.5 -0.0231888
1.05531 2.5 0.386018
-2.36348 2.5 0.522313
1.85499 2.5 0.640725
-0.906828 2.5 -0.444307
-1.4017 2.5 0.0158461
0.77725 2.5 0.00970674
-0.594555 2.5 0.107804
-1.91656 2.5 -0.442031
1.38549 2.5 0.396483
-1.32707 2.5 0.256292
0.511624 2.5 0.433129
-1.53922 2.5 -0.955663
0.70181 2.5 -0.00463899
1.04075 2.5 0.290735
2.40514 2.5 -0.518791
0.498877 2.5 -0.837495
-0.704883 2.5 0.163163
2.39127 2.5 0.989828
0.868768 2.5 -0.555017
-1.63761 2.5 -0.958501
2.01121 2.5 -0.652114
0.170018 2.5 0.560608
0.0301805 2.5 0.26204
1.20039 2.5 0.685356
0.819237 2.5 -0.18437
2.22021 2.5 0.784061
1.68906 2.5 -0.569159
0.945216 2.5 0.301089
-0.628709 2.5 -0.254866
-0.991334 2.5 -0.518377
-2.39128 2.5 -0.286936
0.717073 2.5 -0.635263
1.67483 2.5 0.179428
1.59984 2.5 0.155153
0.652464 2.5 0.910608
2.23331 2.5 0.90159
-1.72346 2.5 -0.806229
-1.42879 2.5 0.654944
1.22276 2.5 0.15299
0.480652 2.5 -0.187425
-1.0621 2.5 -0.745545
1.68989 2.5 0.855859
-1.73534 2.5 -0.443219
-1.36817 2.5 -0.128648
0.04251 2.5 0.108477
2.16824 2.5 -0.253663
-2.46093 2.5 -0.267624
-1.84427 2.5 -0.805019
1.58815 2.5 -0.694436
-0.680496 2.5 0.0885297
1.63072 2.5 0.0425239
-2.39478 2.5 -0.374879
-1.21069 2.5 -0.976511
0.00623269 2.5 0.932445
0.796877 2.5 -0.79688
-2.13174 2.5 -0.538455
0.690437 2.5 -0.260979
1.66112 2.5 -0.86069
1.76094 2.5 -0.424575
-2.45619 2.5 0.724138
-1.45308 2.5 -0.195016
-2.03447 2.5 -0.306507
-0.196488 2.5 0.224368
1.38781 2.5 0.0455239
-1.24156 2.5 -0.182167
1.73808 2.5 -0.869848
2.05678 2.5 -0.532562
-1.60848 2.5 0.436139
-2.22011 2.5 0.197995
-1.22809 2.5 -0.856467
0.866548 2.5 0.530117
-0.0789537 2.5 0.377548
-1.09114 2.5 0.177864
0.886306 2.5 0.116252
1.08114 2.5 0.25455
0.55503 2.5 0.685876
-0.331144 2.5 -0.0184505
-1.36456 2.5 0.133354
-2.23634 2.5 -0.779071
-0.85643 2.5 0.366719
2.33137 2.5 0.304154
-1.25116 2.5 0.0629091
-0.304651 2.5 0.1499
1.4063 2.5 -0.826984
-1.11906 2.5 -0.0875891
-2.5 1.79594 -0.899375
-2.5 1.57916 0.0399339
-2.5 2.34598 -0.638943
-2.5 1.79561 0.536768
-2.5 2.26796 -0.0367114
-2.5 1.79937 -0.428947
-2.5 2.2862 0.635588
-2.5 2.31645 -0.475907
-2.5 1.67027 0.199188
-2.5 2.09409 0.753693
-2.5 2.3879 0.0996871
-2.5 2.39267 0.647667
-2.5 2.22228 0.472052
-2.5 2.36616 -0.0421992
-2.5 1.87468 0.540942
-2.5 2.36454 -0.700715
-2.5 1.78948 -0.0811774
-2.5 2.13313 -0.835502
-2.5 1.68734 -0.710411
-2.5 2.20577 -0.844422
-2.5 1.62713 0.379024
-2.5 2.4899 -0.514519
-2.5 1.84989 0.340774
-2.5 2.42685 -0.149285
-2.5 2.08035 0.896057
-2.5 1.64969 0.0937292
-2.5 2.15433 0.845645
-2.5 2.191 0.322862
-2.5 1.62529 -0.348691
-2.5 1.72478 0.191756
-2.5 2.16285 -0.162797
-2.5 2.31359 -0.269621
-2.5 1.90268 -0.558016
-2.5 2.2555 -0.116034
-2.5 1.93222 -0.671692
-2.5 1.90524 -0.00764881
-2.5 2.39493 0.615374
-2.5 2.28924 0.641965
-2.5 1.61467 -0.267935
-2.5 2.48917 0.827112
1.72067 -2.5 -0.0832008
1.62577 -2.5 0.265027
1.64776 -2.5 -0.315516
1.6668 -2.5 -0.956659
2.18828 -2.5 0.484287
1.99342 -2.5 0.0627759
1.37887 -2.5 0.165982
2.49788 -2.5 -0.351494
2.39423 -2.5 -0.341462
1.74637 -2.5 -0.720618
2.0846 -2.5 -0.263024
1.87809 -2.5 0.331696
1.65826 -2.5 0.702544
1.34076 -2.5 0.0260178
2.14532 -2.5 -0.597231
1.87823 -2.5 0.625493
2.24004 -2.5 -0.0575947
2.17643 -2.5 -0.0522685
2.48364 -2.5 0.950309
2.37072 -2.5 -0.950769
1.937 -2.5 -0.187788
2.22761 -2.5 -0.704217
1.34639 -2.5 -0.64098
1.8726 -2.5 -0.0982163
1.76017 -2.5 -0.0685878
2.16839 -2.5 0.0581675
1.47941 -2.5 -0.393708
2.22781 -2.5 0.679432
1.53417 -2.5 -0.733001
2.45634 -2.5 -0.403183
1.49264 -2.5 0.051326
2.13339 -2.5 0.717623
2.10908 -2.5 0.652105
1.23753 -2.5 -0.209454
2.06883 -2.5 0.500432
2.26489 -2.5 -0.888712
1.62167 -2.5 -0.745622
1.29041 -2.5 0.539402
2.09668 -2.5 0.226479
2.25059 -2.5 -0.517383
2.37479 -2.5 0.0470773
1.50203 -2.5 0.347817
2.46411 -2.5 -0.908244
1.22144 -2.5 0.122915
1.79009 -2.5 -0.100637
1.75554 -2.5 -0.819021
1.98507 -2.5 -0.66913
1.49866 -2.5 -0.469785
1.86937 -2.5 0.262167
1.51612 -2.5 0.719012
2.40042 -2.5 -0.967517
1.69577 -2.5 -0.826026
2.1755 -2.5 0.0684533
1.68478 -2.5 -0.6284
1.57493 -2.5 -0.123671
1.68841 -2.5 0.0506081
1.46183 -2.5 0.337051
1.49291 -2.5 0.532822
2.4937 -2.5 -0.628723
1.93786 -2.5 0.263689
1.70006 -2.5 0.747146
