29742037082.99312
75024988387.29108
332319267724.3859
1047492762.65671
362353051988.5222
101202626.2291084
1856396993.114805
398799381289.9326
688446569609.6726
43346541371.29057
84282832126.6209
1106165081.814525
28579444879.68363
15148298163.29874
310800179621.162
20056427077.3238
294565910988.9804
5869518554.476251
218229648586.0086
8243239354.403542
31333640971.17137
318504350466.106
1420543660.629704
1100360711.709946
24789818821.74009
1937025968446.613
666399695277.7864
229621491652.1325
60339946315.5009
25871572781.47765
130077925590.1492
325503468706.1162
1314953363347.562
1970003672.30916
170343939598.9991
11903319936.52929
260943236283.7731
811636117.4966155
252510178331.2181
1083128859.056263
419224168103.2366
27699731689.17218
54289337269.68264
194849235117.0184
1818683563.923708
492906054.973226
142086194773.9668
284987828695.2452
1205059920349.276
121149789070.1456
11863004491.25223
536527569652.1379
10086028696.29381
103832210348.5416
21755082659.37188
144480792.634745
1864115075.433285
427312317063.5452
58910685589.03696
582320243.5642754
90326144140.19638
133143279243.0293
151533766947.1186
656454685485.8987
198624144592.2988
15565257808.95256
47117989316.93787
1303749774.789604
1659231879.425642
78416033756.98225
109867910.8197944
24702863809.33191
1715467735817.126
270850720.7359021
9930027387.169836
66787582399.76915
261497899644.4636
686601542.2361956
155500510282.9495
1879486793314.33
115191026515.175
95774089543.62012
1486460182.735109
1380985141.715136
6675935322.516007
158432509737.259
240077888700.1457
8729129695.550541
3938276227.108758
58623801492.96447
314902336.1412199
12581742770.49094
21438724267.05542
17849093038.63031
576656338041.1302
349294718.6776366
50240596850.27789
65088212612.4209
96611475746.20233
184590835914.1568
130933514540.2952
200104433139.0711
928519404988.0212
205978055061.8984
566236917255.3069
67243442098.50436
1177135097.477961
240373462519.9496
8964145376.237595
63774351014.41185
14198521138.35886
1973188578.199794
72002782747.33302
1653466569.644757
46522176481.40186
89637200849.72285
8024024322.150868
143614475889.5582
448024271.8933847
370143507522.8414
46731126844.89637
723707077.5134363
3186512486.003021
655877252.0747447
123001172323.8463
215369661.8631462
69381167751.51393
19135709913.65769
111923514338.5395
52882960290.03116
19885671759.32024
1851995905.57174
208444785210.5776
289417535859.2573
11496210859.81447
22010616535.55621
117378737770.5105
313945422468.1644
715173965.9714301
122875136513.6745
160568109427.4
132162783562.9777
433774484627.6387
281022624284.5921
528481055.9732664
557135575.1490095
137732783376.9457
857195992.6331353
22625419683.13108
258491810818.3743
116440076666.6842
42868512821.0324
50240596850.27789
272858026692.8166
846960419.6713759
454877225899.42
404631551522.701
490814971806.1394
6225608228.558402
129302092795.0079
1074359483.409822
18123149112.33504
472074909.9885596
6486290627.974817
51777161965.56516
50023670428.40425
1896453797.044847
31822049690.11109
158929351235.86
152867819.8628645
14483575036.36104
459219768799.8555
237544560192.9029
332085576.896579
658533215.3360382
220197748.5774508
190864939792.5084
109870525904.8795
1084106696804.177
17105738008.95907
44833128322.96487
215356820085.0248
255914791967.4763
109314657854.2179
2929856808.029562
1989824584.676491
81922249774.25452
345122279.089908
1523625478.435463
360219117.9759492
1183623172.052487
18546078513.18959
637708452876.238
1899483961.798459
193644713.8930227
378560198.8410358
817909865.0473994
282975785732.2756
1323318789.90758
296120512027.7592
169150848744.5674
3235290758.003855
2133262320.117997
117658107.9342442
12524029037.18886
140085650984.2127
255933963769.1865
11107040250.45624
324158229380.2966
3550911541.304553
791544470.3876486
20527643450.05816
152631981513.0255
98850769224.71558
6232352755.109415
166997313462.3447
9930481312.631645
268600158005.201
4865003440.557578
4195221029.327393
78805511460.46411
62700542981.36897
4194400805.712948
231177440682.606
29250596581.4752
250620398604.0771
879210646.3835129
766564613.8128824
121183801.2059428
24561914772.11894
231352269267.2593
160659153527.1801
86334982195.59613
186283028202.5407
26994398835.7871
188395370771.9899
68948870644.98573
469257545202.179
173397904620.1771
229159183521.6339
5753760798.063605
2175910040902.338
12034399798.16289
671256959085.5354
44584342039.12574
6021099700.159216
216437500198.2436
58341569542.51685
7400245204.844421
54596978432.87329
113699150019.8766
189738331757.327
157403283501.662
736239680.3514067
151983870301.2295
468431661715.7597
991025767.4243258
2282666434920.037
122348456223.5399
92922390928.78717
51536401474.20802
98012306375.25308
888406009.9911363
148271523.0844998
95114936694.65717
88288699.56205399
16612201199.86581
27864079480.67486
1740172676.207659
362809414557.9444
1461034370.883167
140210996916.8918
320628990.8692086
211103016597.1644
165017075928.8474
407357195.8073126
21248478603.56212
61705049497.63901
343877104214.5228
6023791308.487782
125607696821.7099
267021903054.446
323832691.1076915
411069265.5170874
1229892305.63389
940521188316.834
905814304704.843
342516775346.4504
12607499747.76882
7728706679.612797
310113789346.0121
667917467.1836536
2504999533.857774
156472079.5701044
42817869933.51837
1218189461.875773
255910539.238599
900588344720.8021
49057849382.93584
32705943249.59712
5281194526.236399
197092734503.9959
20572640655.86254
45253536466.72491
83679089469.52359
240689655.3471668
2268738177.264701
5398100576.470125
813605185.7653452
111507803620.1664
30558334089.17101
23640548324.00056
118823228006.5688
101739444583.2473
57215041460.97869
848210313.2829045
599993113562.0918
245644191594.0293
742608236.1158874
5590259202.052881
1036645141.131232
4449182911.867004
1368352788.707017
36572325367.00567
13807875254.40635
6613605173.162806
88288699.56205399
25961249677.55509
22566737696.57459
35229844275.07121
2310302316.317748
309422815739.9853
84007571796.17146
40521250660.72158
2522955551.29394
1463870411.664952
23634259086.44685
685201772.424929
86762397.76306801
306251118.5892837
2828252481.493765
387580989381.184
212637548627.3828
133785204234.689
2153137577.875792
66880789462.70294
667897871.7120657
5529354146.73241
1322381924.778985
263139562210.1375
12279059890.177
3033811797.441837
415847204351.7545