1.726768991878387e-15 0.9396926207859083 0.3420201433256689
-0.1631759111665331 0.9254165783983236 0.3420201433256689
-9.857288056554789e-16 -0.9396926207859083 -0.3420201433256684
1.809672070682723e-15 0.9848077530122081 -0.1736481776669299
-0.9848077530122077 0.1736481776669334 -2.220446049250313e-16
0.6427876096865408 0.7660444431189768 0
1.809672070682723e-15 0.9848077530122079 0.1736481776669305
-0.9698463103929535 0.1710100716628372 0.1736481776669305
-0.9848077530122079 -1.206041662501897e-16 0.1736481776669305
1.726768991878387e-15 0.9396926207859083 -0.3420201433256684
1.726768991878387e-15 0.9396926207859083 0.3420201433256689
0.1710100716628361 0.9698463103929539 -0.1736481776669301
1.809672070682723e-15 0.9848077530122079 0.1736481776669305
1.809672070682723e-15 0.9848077530122081 -0.1736481776669299
0.2961981327260231 -0.8137976813493742 -0.5
0.1736481776669322 0.9848077530122079 0
0.8660254037844386 -1.297999813308905e-15 0.5000000000000001
0.9848077530122081 -1.476030927001749e-15 -0.1736481776669299
-0.1736481776669314 -0.984807753012208 -2.220446049250313e-16
0.9848077530122084 0.1736481776669288 2.220446049250313e-16
-0.1631759111665332 0.9254165783983236 -0.3420201433256682
1.809672070682723e-15 0.9848077530122081 -0.1736481776669299
1 -1.498801083243961e-15 2.220446049250313e-16
1.837589179357618e-15 1 2.220446049250313e-16
0.9848077530122079 -1.476030927001749e-15 0.1736481776669305
-0.8528685319524429 -0.1503837331804352 -0.5
-0.8830222215594882 0.3213938048432721 0.3420201433256687
-0.1736481776669286 0.9848077530122084 2.220446049250313e-16
-0.8830222215594882 0.3213938048432721 0.3420201433256687
1.726768991878387e-15 0.9396926207859083 -0.3420201433256684
1.809672070682723e-15 0.9848077530122079 0.1736481776669305
0.3213938048432687 -0.8830222215594893 -0.3420201433256682
-0.9254165783983231 -0.1631759111665347 0.342020143325669
0.9396926207859083 -1.408412317950276e-15 0.3420201433256689
-0.9254165783983228 0.1631759111665377 -0.3420201433256682
1.726768991878387e-15 0.9396926207859083 -0.3420201433256684
-0.1710100716628354 -0.969846310392954 -0.1736481776669303
1 -1.498801083243961e-15 2.220446049250313e-16
-0.1116188970489485 0.6330222215594892 0.7660444431189781
0.9848077530122081 -1.476030927001749e-15 -0.1736481776669299
-0.8137976813493731 0.2961981327260262 -0.5000000000000002
0.1710100716628361 0.9698463103929538 0.1736481776669305
-0.1710100716628326 0.9698463103929544 -0.1736481776669301
0.9698463103929538 -0.1710100716628357 0.1736481776669306
0.9848077530122079 -1.476030927001749e-15 0.1736481776669305
1.809672070682723e-15 0.9848077530122079 0.1736481776669305
0.2961981327260231 -0.8137976813493742 -0.5
-0.9848077530122077 0.1736481776669334 -2.220446049250313e-16
-8.035734848733318e-16 -0.766044443118978 -0.6427876096865393
-0.8830222215594882 0.3213938048432721 -0.3420201433256684
0.1710100716628361 0.9698463103929539 -0.1736481776669301
-0.9848077530122077 0.1736481776669334 -2.220446049250313e-16
1.809672070682723e-15 0.9848077530122079 0.1736481776669305
0.3213938048432687 -0.8830222215594893 -0.3420201433256682
-0.1503837331804337 0.8528685319524435 0.5
0.7544065067354901 0.6330222215594876 -0.1736481776669296
1.837589179357618e-15 1 2.220446049250313e-16
0.1710100716628333 -0.9698463103929541 0.1736481776669307
0.8528685319524437 0.150383733180434 -0.5000000000000002
1.809672070682723e-15 0.9848077530122079 0.1736481776669305
0.1710100716628361 0.9698463103929538 0.1736481776669305
0.9254165783983231 -0.1631759111665361 0.3420201433256687
0.6040227735550532 -0.219846310392955 0.7660444431189781
-0.9848077530122077 0.1736481776669334 -2.220446049250313e-16
-0.1710100716628326 0.9698463103929545 0.1736481776669302
0.925416578398323 -0.1631759111665362 -0.3420201433256682
-0.7198463103929534 0.262002630229387 -0.642787609686539
0.9848077530122081 -1.476030927001749e-15 -0.1736481776669299
0.9396926207859083 -1.408412317950276e-15 -0.3420201433256684
0.9254165783983236 0.1631759111665334 -0.3420201433256684
0.7544065067354901 0.6330222215594876 -0.1736481776669296
1.809672070682723e-15 0.9848077530122081 -0.1736481776669299
-0.1330222215594898 -0.7544065067354888 -0.642787609686539
0.9848077530122079 -1.476030927001749e-15 0.1736481776669305
1.726768991878387e-15 0.9396926207859083 -0.3420201433256684
0.9848077530122081 -1.476030927001749e-15 -0.1736481776669299
-1 -1.224646799147353e-16 2.220446049250313e-16
1.837589179357618e-15 1 2.220446049250313e-16
-0.1710100716628326 0.9698463103929544 -0.1736481776669301
0.1710100716628349 0.2961981327260234 0.9396926207859084
-0.1736481776669286 0.9848077530122084 2.220446049250313e-16
0.9848077530122081 -1.476030927001749e-15 -0.1736481776669299
1.809672070682723e-15 0.9848077530122081 -0.1736481776669299
1.837589179357618e-15 1 2.220446049250313e-16
0.9848077530122079 -1.476030927001749e-15 0.1736481776669305
-9.857288056554789e-16 -0.9396926207859083 0.3420201433256689
-0.9698463103929543 -0.1710100716628343 -0.1736481776669301
0.9254165783983231 -0.1631759111665361 0.3420201433256687
0.9396926207859083 -1.408412317950276e-15 0.3420201433256689
0.2961981327260231 -0.8137976813493742 -0.5
1.809672070682723e-15 0.9848077530122081 -0.1736481776669299
1.837589179357618e-15 1 2.220446049250313e-16
-0.1631759111665332 0.9254165783983236 -0.3420201433256682
1.809672070682723e-15 0.9848077530122079 0.1736481776669305
-0.9698463103929535 0.1710100716628373 -0.1736481776669299
1.809672070682723e-15 0.9848077530122081 -0.1736481776669299
-0.1503837331804338 0.8528685319524437 -0.5
0.9698463103929544 0.1710100716628329 -0.1736481776669299
-0.1710100716628326 0.9698463103929545 0.1736481776669302
-0.9396926207859083 2.201615923356528e-15 -0.3420201433256684
-0.1710100716628326 0.9698463103929545 0.1736481776669302
-0.9698463103929541 -0.1710100716628343 0.1736481776669305
-0.9396926207859083 -1.15079156022785e-16 0.3420201433256689
-0.1631759111665358 -0.9254165783983233 -0.3420201433256684
-9.857288056554789e-16 -0.9396926207859083 0.3420201433256689
-0.1503837331804338 0.8528685319524437 -0.5
0.9698463103929544 0.1710100716628329 -0.1736481776669299
0.1631759111665338 -0.9254165783983234 0.342020143325669
1.837589179357618e-15 1 2.220446049250313e-16
1.837589179357618e-15 1 2.220446049250313e-16
1 -1.498801083243961e-15 2.220446049250313e-16
1.837589179357618e-15 1 2.220446049250313e-16
0.2961981327260231 -0.8137976813493742 -0.5
1.726768991878387e-15 0.9396926207859083 0.3420201433256689
-0.9254165783983228 0.1631759111665376 0.3420201433256689
1.837589179357618e-15 1 2.220446049250313e-16
1.809672070682723e-15 0.9848077530122081 -0.1736481776669299
0.969846310392954 -0.1710100716628357 -0.1736481776669305
1.809672070682723e-15 0.9848077530122081 -0.1736481776669299
-0.8528685319524427 0.1503837331804379 0.5000000000000001
0.3213938048432687 -0.8830222215594893 0.3420201433256689
0.9396926207859083 -1.408412317950276e-15 -0.3420201433256684
1.809672070682723e-15 0.9848077530122079 0.1736481776669305
0.9848077530122079 -1.476030927001749e-15 0.1736481776669305
0.8660254037844388 -1.297999813308906e-15 -0.4999999999999998
1.837589179357618e-15 1 2.220446049250313e-16
1.726768991878387e-15 0.9396926207859083 0.3420201433256689
1.726768991878387e-15 0.9396926207859083 0.3420201433256689
0.1631759111665339 -0.9254165783983235 -0.3420201433256682
0.2961981327260231 -0.8137976813493742 -0.5
0.9254165783983235 0.1631759111665333 0.3420201433256691
1.726768991878387e-15 0.9396926207859083 0.3420201433256689
-0.6427876096865376 0.7660444431189795 2.220446049250313e-16
-0.9698463103929541 -0.1710100716628343 0.1736481776669305
1.726768991878387e-15 0.9396926207859083 -0.3420201433256684
0.1631759111665366 0.925416578398323 -0.3420201433256684
0.1710100716628361 0.9698463103929539 -0.1736481776669301
-0.9698463103929541 -0.1710100716628343 0.1736481776669305
0.9848077530122081 -1.476030927001749e-15 -0.1736481776669299
0.9396926207859083 -1.408412317950276e-15 -0.3420201433256684
-0.9254165783983228 0.1631759111665377 -0.3420201433256682
-0.7198463103929534 0.262002630229387 -0.642787609686539
0.1736481776669293 -0.9848077530122081 2.220446049250313e-16
-0.1710100716628354 -0.969846310392954 -0.1736481776669303
1.837589179357618e-15 1 2.220446049250313e-16
1.809672070682723e-15 0.9848077530122081 -0.1736481776669299
0.925416578398323 -0.1631759111665362 -0.3420201433256682
1.726768991878387e-15 0.9396926207859083 -0.3420201433256684
1.809672070682723e-15 0.9848077530122081 -0.1736481776669299
-0.1710100716628354 -0.9698463103929539 0.1736481776669305
0.7544065067354888 -0.1330222215594901 -0.6427876096865393
-0.1503837331804338 0.8528685319524437 -0.5
-0.1503837331804338 0.8528685319524437 -0.5
-0.9396926207859083 -1.15079156022785e-16 -0.3420201433256684
0.9848077530122079 -1.476030927001749e-15 0.1736481776669305
-0.1631759111665358 -0.9254165783983231 0.3420201433256688
-0.9698463103929535 0.1710100716628373 -0.1736481776669299
-0.9698463103929535 0.1710100716628372 0.1736481776669305
0.9396926207859083 -1.408412317950276e-15 0.3420201433256689
0.9254165783983231 -0.1631759111665361 0.3420201433256687
0.9396926207859083 -1.408412317950276e-15 0.3420201433256689
0.9396926207859083 -1.408412317950276e-15 -0.3420201433256684
1.837589179357618e-15 1 2.220446049250313e-16
1 -1.498801083243961e-15 2.220446049250313e-16
1.726768991878387e-15 0.9396926207859083 -0.3420201433256684
0.9254165783983231 -0.1631759111665361 0.3420201433256687
1.591398911043097e-15 0.8660254037844388 -0.4999999999999998
0.9698463103929544 0.1710100716628329 -0.1736481776669299
0.9698463103929544 0.1710100716628329 -0.1736481776669299
1.809672070682723e-15 0.9848077530122081 -0.1736481776669299
1.809672070682723e-15 0.9848077530122081 -0.1736481776669299
-0.8528685319524429 -0.1503837331804352 -0.5
0.6330222215594888 -0.1116188970489505 0.7660444431189781
1 -1.498801083243961e-15 2.220446049250313e-16
1.809672070682723e-15 0.9848077530122079 0.1736481776669305
1 -1.498801083243961e-15 2.220446049250313e-16
-0.1710100716628326 0.9698463103929545 0.1736481776669302
1.809672070682723e-15 0.9848077530122079 0.1736481776669305
-0.8660254037844388 2.029020210256055e-15 -0.4999999999999998
0.1736481776669322 0.9848077530122079 0
-0.1116188970489485 0.6330222215594892 0.7660444431189781
-0.7544065067354886 0.1330222215594913 -0.642787609686539
-9.857288056554789e-16 -0.9396926207859083 -0.3420201433256684
0.9698463103929542 0.1710100716628328 0.1736481776669307
1.726768991878387e-15 0.9396926207859083 -0.3420201433256684
1.809672070682723e-15 0.9848077530122079 0.1736481776669305
1.726768991878387e-15 0.9396926207859083 0.3420201433256689
1 -1.498801083243961e-15 2.220446049250313e-16
1.726768991878387e-15 0.9396926207859083 0.3420201433256689
1.809672070682723e-15 0.9848077530122079 0.1736481776669305
1.837589179357618e-15 1 2.220446049250313e-16
1.809672070682723e-15 0.9848077530122081 -0.1736481776669299
0.3213938048432687 -0.8830222215594893 -0.3420201433256682
1.726768991878387e-15 0.9396926207859083 0.3420201433256689
1.809672070682723e-15 0.9848077530122081 -0.1736481776669299
1 -1.498801083243961e-15 2.220446049250313e-16
1.809672070682723e-15 0.9848077530122079 0.1736481776669305
-0.8830222215594882 0.3213938048432721 -0.3420201433256684
1.726768991878387e-15 0.9396926207859083 -0.3420201433256684
-0.1631759111665358 -0.9254165783983231 0.3420201433256688
0.9396926207859083 -1.408412317950276e-15 -0.3420201433256684
0.9848077530122079 -1.476030927001749e-15 0.1736481776669305
0.9848077530122084 0.1736481776669288 2.220446049250313e-16
0.6330222215594903 0.7544065067354877 0.1736481776669305
1.726768991878387e-15 0.9396926207859083 0.3420201433256689
0.7660444431189779 -1.148148241159741e-15 0.6427876096865395
-0.1710100716628354 -0.9698463103929539 0.1736481776669305
-0.1503837331804338 0.8528685319524437 -0.5
-0.8660254037844388 -1.060575238724907e-16 -0.4999999999999998
1 -1.498801083243961e-15 2.220446049250313e-16
1.837589179357618e-15 1 2.220446049250313e-16
0.9848077530122079 -1.476030927001749e-15 0.1736481776669305
-0.1710100716628326 0.9698463103929545 0.1736481776669302
0.2961981327260231 -0.8137976813493742 -0.5
1.809672070682723e-15 0.9848077530122081 -0.1736481776669299
-0.8528685319524428 0.1503837331804379 -0.4999999999999996
0.9848077530122081 -1.476030927001749e-15 -0.1736481776669299
-0.1710100716628354 -0.969846310392954 -0.1736481776669303
0.9254165783983235 0.1631759111665333 0.3420201433256691
0.9848077530122084 0.1736481776669288 2.220446049250313e-16
-0.1503837331804338 0.8528685319524437 -0.5
0.9254165783983236 0.1631759111665334 -0.3420201433256684
1.726768991878387e-15 0.9396926207859083 -0.3420201433256684
-1.048990684667789e-15 -1 2.220446049250313e-16
1.837589179357618e-15 1 2.220446049250313e-16
-1 -1.224646799147353e-16 2.220446049250313e-16
1.809672070682723e-15 0.9848077530122079 0.1736481776669305
0.9848077530122079 -1.476030927001749e-15 0.1736481776669305
0.6427876096865408 0.7660444431189768 0
1.837589179357618e-15 1 2.220446049250313e-16
-0.1710100716628354 -0.969846310392954 -0.1736481776669303
-0.9848077530122077 0.1736481776669334 -2.220446049250313e-16
0.9848077530122079 -1.476030927001749e-15 0.1736481776669305
0.8660254037844386 -1.297999813308905e-15 0.5000000000000001
0.969846310392954 -0.1710100716628357 -0.1736481776669305
-0.1330222215594876 0.754406506735489 0.6427876096865397
1.837589179357618e-15 1 2.220446049250313e-16
-0.8830222215594882 0.3213938048432721 0.3420201433256687
-0.1710100716628354 -0.9698463103929539 0.1736481776669305
0.3213938048432687 -0.8830222215594893 -0.3420201433256682
0.9848077530122081 -1.476030927001749e-15 -0.1736481776669299
-8.035734848733318e-16 -0.766044443118978 -0.6427876096865393
1.809672070682723e-15 0.9848077530122081 -0.1736481776669299
-0.1631759111665358 -0.9254165783983233 -0.3420201433256684
0.9254165783983236 0.1631759111665334 -0.3420201433256684
0.9848077530122081 -1.476030927001749e-15 -0.1736481776669299
-0.8528685319524428 0.1503837331804379 -0.4999999999999996
0.6427876096865393 -9.634107656939815e-16 0.7660444431189781
1.809672070682723e-15 0.9848077530122079 0.1736481776669305
0.1631759111665339 -0.9254165783983235 -0.3420201433256682
1.591398911043096e-15 0.8660254037844386 0.5000000000000001
0.9848077530122079 -1.476030927001749e-15 0.1736481776669305
0.3213938048432687 -0.8830222215594893 -0.3420201433256682
0.9396926207859083 -1.408412317950276e-15 -0.3420201433256684
0.8528685319524432 -0.1503837331804365 -0.4999999999999998
-0.9848077530122077 0.1736481776669334 -2.220446049250313e-16
0.9698463103929542 0.1710100716628328 0.1736481776669307
-0.1116188970489503 -0.6330222215594888 0.7660444431189781
0.8528685319524437 0.150383733180434 -0.5000000000000002
0.1736481776669322 0.9848077530122079 0
-0.1503837331804337 0.8528685319524435 0.5
-0.9254165783983228 0.1631759111665377 -0.3420201433256682
0.9848077530122079 -1.476030927001749e-15 0.1736481776669305
1.837589179357618e-15 1 2.220446049250313e-16
0.2620026302293842 -0.7198463103929544 -0.6427876096865393
0.6330222215594903 0.7544065067354877 0.1736481776669305
1.837589179357618e-15 1 2.220446049250313e-16
0.9396926207859083 -1.408412317950276e-15 0.3420201433256689
0.9848077530122079 -1.476030927001749e-15 0.1736481776669305
-0.9848077530122081 -1.206041662501898e-16 -0.1736481776669299
1.726768991878387e-15 0.9396926207859083 -0.3420201433256684
-0.1710100716628326 0.9698463103929544 -0.1736481776669301
1.837589179357618e-15 1 2.220446049250313e-16
-0.9698463103929541 -0.1710100716628343 0.1736481776669305
-0.1736481776669314 -0.984807753012208 -2.220446049250313e-16
1.837589179357618e-15 1 2.220446049250313e-16
0.9848077530122079 -1.476030927001749e-15 0.1736481776669305
0.1631759111665338 -0.9254165783983234 0.342020143325669
0.8528685319524429 -0.1503837331804365 0.5000000000000002
1.809672070682723e-15 0.9848077530122081 -0.1736481776669299
-0.8830222215594882 0.3213938048432721 -0.3420201433256684
0.6040227735550535 -0.2198463103929551 -0.7660444431189779
0.9848077530122081 -1.476030927001749e-15 -0.1736481776669299
0.9396926207859083 -1.408412317950276e-15 0.3420201433256689
1.726768991878387e-15 0.9396926207859083 0.3420201433256689
-9.857288056554789e-16 -0.9396926207859083 0.3420201433256689
-0.9254165783983228 0.1631759111665377 -0.3420201433256682
0.1736481776669293 -0.9848077530122081 2.220446049250313e-16
1 -1.498801083243961e-15 2.220446049250313e-16
0.9848077530122079 -1.476030927001749e-15 0.1736481776669305
-0.8830222215594882 0.3213938048432721 -0.3420201433256684
1.809672070682723e-15 0.9848077530122081 -0.1736481776669299
1.726768991878387e-15 0.9396926207859083 -0.3420201433256684
0.9848077530122081 -1.476030927001749e-15 -0.1736481776669299
0.766044443118978 -1.148148241159741e-15 -0.6427876096865393
1.726768991878387e-15 0.9396926207859083 -0.3420201433256684
1.726768991878387e-15 0.9396926207859083 -0.3420201433256684
0.1736481776669293 -0.9848077530122081 2.220446049250313e-16
-0.1631759111665331 0.9254165783983236 0.3420201433256689
0.9698463103929542 0.1710100716628328 0.1736481776669307
1.809672070682723e-15 0.9848077530122081 -0.1736481776669299
0.925416578398323 -0.1631759111665362 -0.3420201433256682
1 -1.498801083243961e-15 2.220446049250313e-16
0.9396926207859083 -1.408412317950276e-15 0.3420201433256689
0.7544065067354887 -0.13302222155949 0.6427876096865395
1.837589179357618e-15 1 2.220446049250313e-16
0.1710100716628361 0.9698463103929539 -0.1736481776669301
1 -1.498801083243961e-15 2.220446049250313e-16
1.837589179357618e-15 1 2.220446049250313e-16
0.9848077530122081 -1.476030927001749e-15 -0.1736481776669299
1.726768991878387e-15 0.9396926207859083 -0.3420201433256684
1.591398911043097e-15 0.8660254037844388 -0.4999999999999998
-0.1736481776669286 0.9848077530122084 2.220446049250313e-16
0.9396926207859083 -1.408412317950276e-15 0.3420201433256689
-0.1736481776669286 0.9848077530122084 2.220446049250313e-16
0.9848077530122081 -1.476030927001749e-15 -0.1736481776669299
-0.9698463103929543 -0.1710100716628343 -0.1736481776669301
-0.1710100716628354 -0.969846310392954 -0.1736481776669303
0.9848077530122081 -1.476030927001749e-15 -0.1736481776669299
1.837589179357618e-15 1 2.220446049250313e-16
1 -1.498801083243961e-15 2.220446049250313e-16
0.9848077530122081 -1.476030927001749e-15 -0.1736481776669299
1.837589179357618e-15 1 2.220446049250313e-16
0.9848077530122079 -1.476030927001749e-15 0.1736481776669305
-0.1330222215594876 0.754406506735489 0.6427876096865397
1 -1.498801083243961e-15 2.220446049250313e-16
0.6330222215594903 0.7544065067354877 0.1736481776669305
1 -1.498801083243961e-15 2.220446049250313e-16
0.1631759111665366 0.925416578398323 -0.3420201433256684
0.9848077530122079 -1.476030927001749e-15 0.1736481776669305
0.9848077530122079 -1.476030927001749e-15 0.1736481776669305
0.1631759111665339 -0.9254165783983235 -0.3420201433256682
0.9396926207859083 -1.408412317950276e-15 0.3420201433256689
0.9396926207859083 -1.408412317950276e-15 0.3420201433256689
0.9848077530122084 0.1736481776669288 2.220446049250313e-16
0.9848077530122081 -1.476030927001749e-15 -0.1736481776669299
0.969846310392954 -0.1710100716628357 -0.1736481776669305
0.9848077530122079 -1.476030927001749e-15 0.1736481776669305
0.6330222215594905 0.7544065067354877 -0.1736481776669301
1.837589179357618e-15 1 2.220446049250313e-16
1.726768991878387e-15 0.9396926207859083 0.3420201433256689
-1.033054159098423e-15 -0.9848077530122079 0.1736481776669305
-0.1736481776669286 0.9848077530122084 2.220446049250313e-16
0.9848077530122081 -1.476030927001749e-15 -0.1736481776669299
0.9848077530122079 -1.476030927001749e-15 0.1736481776669305
0.1736481776669322 0.9848077530122079 0
1.837589179357618e-15 1 2.220446049250313e-16
1.837589179357618e-15 1 2.220446049250313e-16
0.9848077530122079 -1.476030927001749e-15 0.1736481776669305
-0.8830222215594882 0.3213938048432721 0.3420201433256687
1.837589179357618e-15 1 2.220446049250313e-16
1.726768991878387e-15 0.9396926207859083 0.3420201433256689
-1.048990684667789e-15 -1 2.220446049250313e-16