9.991682937306289
15.33427907683235
21.3730857590434
3.069235490312538
24.66881073400582
0.6797997834937166
4.922952413637227
32.26128492283941
26.03066361417091
11.96658794246507
13.68487217938711
4.126467255607205
8.804682720723507
8.755793696531137
18.09116740987701
9.181336888036125
16.44273807104754
9.359676946444313
22.47437276822145
7.06600861612344
13.70565090162005
15.85626493132153
3.516344093430451
3.684422506752687
11.17413177375836
24.1607681104974
24.53478213054233
20.57450352874405
12.38647589014631
12.47019596098136
16.57265457272895
17.16044083830016
26.19492041622653
4.614353977557015
18.87592681693317
10.79061828614763
24.15390645405691
2.697057067185518
19.75980999543017
3.250225202370542
23.27282629904983
9.017787299306226
14.73913868644637
20.35141977721308
5.312887652314536
1.983262830247871
14.42138052952345
21.07682469419012
21.80897267061866
14.6228783834054
7.762382391205767
27.94159033025689
10.66246610923637
11.33246045118491
13.66416652647623
0.7529410012137326
3.962756430995428
22.31489492309489
13.21376022191474
2.240660212427059
12.40675456397187
19.4616008391948
14.78180424456766
24.93336443193748
18.10923799546528
13.43651501600776
10.24258265009517
4.277283038001131
5.208898625197527
13.77208106190995
0.7066818827779865
9.861352857671848
20.78926172488075
1.336144145426018
9.232853087081271
15.41371363960292
24.40081896595152
2.360313795865258
18.55767566945075
22.29415492705113
18.57066595637649
16.34549126769383
4.558550171902411
3.932025098973694
8.315581474118783
19.58714095426405
20.28076017514799
10.42259689123611
6.697239987969321
11.09711538278679
1.533664535541323
9.692388159824215
13.01599527301607
11.06941123028484
29.6610308621888
1.57046908422083
15.25435759399216
12.89804750648616
16.40117000541921
20.65930194413879
13.07154589027042
20.13022604824726
32.25987188544941
19.87583059661992
22.13553865584613
14.95938370232367
3.971953093116448
18.79621203838218
9.57315899590923
13.17952721947201
9.026386183710295
4.54634677945964
10.87960582940131
4.249632435411697
12.17509034953371
15.9489351996445
9.704518592488155
19.4050796490149
1.868915201312556
17.75679146109623
11.98848046545791
2.633371949734587
5.256234546026849
2.412765795918818
17.70529055830427
1.118584906504688
12.52062730435009
11.56920583237945
16.83245691561367
9.369664131851838
8.972538436391909
3.907583279071311
15.11666490771175
18.48776338774887
9.372245458783841
9.09443414813367
15.12645846080372
27.81921081176912
2.422374619758727
16.85548692521529
16.63029625118524
15.10660768540452
19.84235286874267
23.24153076774412
1.912181811252085
2.063677943062022
19.37378307321655
2.694052267539449
11.59783655963164
23.6088982343062
18.38741246991846
15.50063327007168
15.25435759399216
25.80890869477067
2.79846511279692
26.46375233547728
24.25661673371474
23.60478043810824
6.739901961209172
16.96521378370331
3.271947915729425
11.32680126369474
1.819986599834238
8.144556519047585
14.34626460514628
14.30661656823863
5.057360538936456
10.57398460474251
16.22186839829117
0.8149391239276517
9.952529818971364
19.82821570481126
20.4020072170179
1.543359856695268
2.563371310425469
1.067827000895267
20.80676374654798
13.89768960009502
26.89195614172254
8.635540115501749
10.77064870078749
19.86183168904647
22.67083950440489
14.53281953584257
5.512186435458213
4.042187449525126
15.63613717020886
1.519246114994421
3.715592194747142
1.594122190264542
3.163987341490137
10.46531603765093
20.8785067198048
4.800330440515154
0.9221123559065997
1.702779212615639
2.41517668601613
17.77516813066218
3.282756426481535
25.4361578878941
17.57878483708837
7.136986548446385
4.846284212166306
0.7265143131269118
10.66756072739823
17.81777671383857
23.15142888330715
11.87908627832779
24.77968138105084
6.126699635327008
2.630925726551672
11.81866600163883
19.69741537711144
11.61821672307275
9.015668105770809
18.83894931922007
10.8178387227812
27.0814157217762
5.816702201296474
5.84522425509101
16.34617970772302
13.09259576721153
6.448336781545843
23.17666255622382
9.84809169843729
25.36816117931317
3.029741776259887
2.769760396650775
0.7044274839963797
9.828600555272395
21.41842148139857
19.67999461733397
14.6691490781618
19.54690399799019
12.78021663099102
20.54811336803982
12.97856727475669
23.23281966693455
17.22046509660862
16.424783999079
9.081195879506293
22.79632764628619
8.424382968451074
27.01467335736372
12.44385242993496
9.607811730092552
19.65489235640928
12.80042167626868
7.720281534754929
14.47531330936389
16.31079103559981
15.45872675232102
15.296478656813
2.815944926449825
20.05600846791505
24.62463211575279
3.869583549068707
18.23040479867137
14.90564513521784
14.14764193277993
15.48462398317228
15.37613648248298
2.999531120051616
0.8713989326179276
13.47503524485315
0.6643453818934569
10.47396262167407
12.85891321924626
4.827482412472566
20.47272051355779
3.849052385619568
19.05183907847114
1.472894248037942
22.19113718523977
16.54887861075294
1.692633743073366
11.11746571667621
12.44913253686203
16.61439565473551
7.512220363471582
11.51191913658129
17.07288348462798
1.608872166636639
1.818236007240013
3.49975642048146
27.70429684406182
31.34015556858103
22.28887787410764
10.00048386117727
9.21456037927979
18.37886373653918
2.417248857043194
5.247918811694328
0.9074048310615486
12.67611271249525
4.385856827568509
1.142433316223668
29.95957552064768
14.63037963971133
10.60021122282768
7.623408497813053
20.94935246641938
9.196902526316146
11.55206087970451
16.50496560785715
1.20571669184508
4.845348227443525
7.024874924375895
2.806673130720438
15.78638488957709
12.81789324717434
12.30328355873882
18.01986002258487
16.99319502416713
14.98586853430387
2.672954700373511
23.15810684269631
21.22146598990334
2.714730559102489
8.350584970261297
3.258516865238185
8.484855384120941
3.946982229985653
13.23975788160677
11.41046808288774
7.800765558069147
0.6643453818934569
9.729951514245124
9.668176093371228
10.0915766592722
6.136329252202935
22.16605533634349
15.77624890086958
14.00459260380226
5.368555418252587
4.896925446962806
12.94768926822158
2.441886107168935
0.6534863408660827
1.364315283107007
5.03440122776586
22.75530103380566
19.50302718940855
14.03587013697689
5.160205524318493
12.85968967513358
2.215190671144801
8.920576161820517
4.358016008874516
19.03114275510996
10.35510171318494
7.132638982821206
26.5269416868558