-0.7229471399433101 -0.6862361969182993 -0.08017053627672166
-0.2938732245458918 -0.4279556465997086 -0.8546885353381226
-0.184746169629507 -0.2632611615835498 -0.9468697976009719
-0.69034211713048 -0.6096191943297222 0.3896051837701687
-0.6679948733612175 -0.2331270315785172 0.706706895615516
-0.7135869857285341 -0.677856437547122 0.176930110141801
-0.6215236312884306 -0.5870633816035593 -0.5187147209500004
-0.9352421390452731 -0.3430547710528264 0.0873817224132982
-0.6621309698260873 -0.324047812890022 0.6757037766346717
-0.567036272241157 -0.8227853221680207 -0.03865461922873803
-0.3222979045815779 -0.3922688953407711 -0.8615388409412864
-0.5358214163724336 -0.5503460667328455 -0.6403238372794858
-0.6836583037337297 -0.5787694989726742 -0.4445640457738783
-0.5631639275315702 -0.6009928882367668 0.5671454302170172
-0.3395128555607562 -0.9356579122304636 0.09630831838170249
-0.6797497376327341 -0.7277162395995418 -0.09148425444485773
-0.2635521887443606 -0.8356327251109755 -0.4819317301565252
-0.7293050515623847 -0.6763906335205605 -0.1030041390005385
-0.5752916353771784 -0.8141042825359459 -0.07920701624025528
-0.6703387227674587 -0.6641420251380145 -0.3310005546884614
-0.5108017808592749 -0.6453480306881454 0.5679854399171919
-0.9401648032077043 -0.3406462903987339 0.007088557469616148
-0.6414562835517261 -0.76488225117667 0.05906757254972417
-0.7164992288494852 -0.6970168264142409 0.02822053779631119
-0.711211582096459 -0.6108460888185715 -0.3479154225769614
-0.8225300350941028 -0.5620626768035338 -0.08677493136004344
-0.9657857383368939 -0.2197286335452105 0.1377578862548904
-0.5014230484303726 -0.8614918741893188 0.08004172167418161
-0.7816882485753501 -0.6119505491964072 0.1203329023061327
-0.3835496248483594 -0.397096596446502 0.8337889291477112
-0.559803717758668 -0.7891535373165612 -0.2526984212937076
-0.2645546712615774 -0.8820700528097221 -0.3898246373049463
-0.7623783605921505 -0.5736743025475404 0.2994612327120458
-0.4868815264121542 -0.6203987811345975 -0.6148591152494013
-0.8010404289254085 -0.366804844175857 0.4730628261828685
-0.6519846445565126 -0.7563854768537041 -0.05288698958451735
-0.4066128594952169 -0.5496017229978918 0.7297971831754845
-0.6628781048206098 -0.7329559798453773 0.152866444186876
-0.1516352288216597 -0.1672497556403019 -0.974183902873817
-0.59858130781838 -0.6756430209288234 0.4303567429477682
-0.9425300744725567 -0.2900173761717958 -0.1659125680386625
-0.6486857374386644 -0.6593184451353483 -0.3801394506598371
-0.5552274175092263 -0.7919970397433175 0.2538960493663839
-0.7426229284012098 -0.5184407096906839 -0.4239462427575361
-0.617513275455654 -0.6505115134965693 -0.442167530970369
-0.6663280995601881 -0.6621845599209323 -0.3428096736365959
-0.4475033919099495 -0.880504423368469 0.1563735100893052
-0.4458998673124939 -0.1953053976766491 0.8735153747754336
-0.5640532683448781 -0.68929247305563 -0.4546644884508954
-0.7732065172955073 -0.397030465360366 -0.4944881102589662
-0.6950245277145894 -0.7178028533256213 0.04123068799703013
-0.828226612024714 -0.2429282937769617 -0.5050015081330729
-0.6373145430872567 -0.7034359215068959 0.314655490184464
-0.6493774680758941 -0.7001203011573438 -0.2968846036134098
-0.5298892139518563 -0.670939830025428 -0.5187072058714182
-0.6766081368736631 -0.6497378245511757 0.3464710499650097
-0.7660132538289205 -0.6357330520586338 0.09522174897912838
-0.1887655942259703 -0.5582166560302024 -0.8079367025745118
-0.3171913685087782 -0.2982033702392652 0.9002579551003546
-0.6932147824784 -0.6874119623495155 -0.216605769480438
-0.6004802833457494 -0.6752639658433011 -0.4283013025273045
-0.6638369982728382 -0.4409997310105145 -0.6040195998250072
-0.3070816552503629 -0.7147418851058593 -0.6283668472190588
-0.9742523884303848 -0.2254543065031077 0.001624597455870285
-0.4166138613847286 -0.8945036090659211 -0.1621609813430714
-0.4546379829982726 -0.4067334437536326 0.7923838780209835
-0.7500061739510997 -0.6337196488856766 0.1894469467989588
-0.6703064422231461 -0.690820533512439 0.2710281608832137
-0.4713262669523867 -0.5105016209182373 0.719193746580558
-0.4934411968717305 -0.4248481747380506 0.7589596917172486
-0.6683791783936266 -0.6654107890481248 0.3324120270210039
-0.6045067764324521 -0.6853020626600336 0.4061189975378509
-0.6217880354896342 -0.756476882592328 -0.2027865010924898
-0.6972383057648285 -0.6852596626123366 0.2104232396162981
-0.4486925582028461 -0.435077413955066 0.7806296382277306
-0.3757162832588022 -0.2982417136279298 0.8774332765210511
-0.6480481333490948 -0.3312338917252336 0.685797146272358
-0.7262196875279283 -0.6652179474676871 0.1734648316337225
-0.4550692266523378 -0.8440799120260984 0.2836214044603425
-0.601189545553605 -0.5763059397403528 0.5535725735050814
-0.5157212972475376 -0.8538908973402766 -0.07001342017595252
-0.7268455746103729 -0.5313500403820152 0.4351581841759933
-0.6362263596196224 -0.5845722724058139 0.5034791730146005
-0.7205212136267007 -0.6666450079349291 0.1908759128579206
-0.4890956052716617 -0.6011763349227134 -0.6319592575734929
-0.2027652272357135 -0.3202700549064534 -0.925372008737171
-0.4045251346160157 -0.3545901606048895 -0.8429859034800601
-0.633720417244152 -0.5930142118119706 -0.4967218309647012
-0.5410049563186893 -0.6804782573210428 -0.4942296819818997
-0.6544359918542159 -0.7515106415549216 0.0833383956858957
-0.6592906231500544 -0.5430816690618469 0.5199982451464734
-0.6562980145594913 -0.7516576492456846 -0.06544993824077386
-0.5682548990316548 -0.7016958414375501 0.4297782170326598
-0.5960024067311653 -0.7061101599074195 0.3823474509476649
-0.8973424616212732 -0.2361280121021345 0.3728539505921428
-0.7302075592864953 -0.6487549718767948 0.2142753061507526
-0.4883487332814493 -0.7115449012221592 0.5051924071550873
-0.620257829946589 -0.5320421210477402 0.5763778325204483
-0.5106112096091124 -0.7939586321877682 -0.3300089135099951
-0.3737265855119704 -0.216939126507547 0.9018125385420777
-0.7771956402503393 -0.5089726413520506 -0.3700186307890214
-0.5819684944374768 -0.493516255945957 0.6463392117141442
-0.8974500543797208 -0.4403511135669433 0.02596722307427504
-0.3215289264658538 -0.4095181968688006 0.8537646021468925
-0.2795292595730376 -0.3928225053328016 0.876101519429461
-0.3623337578640108 -0.5192043083713754 0.774042075135936
-0.5924558577132371 -0.6188845822920863 -0.5157304823863164
-0.3816607910598563 -0.9127908405579747 -0.145423251101847
-0.624434401403078 -0.5585120046381927 0.5460274892525167
-0.5921561375757108 -0.7726176842284982 -0.2289389061492351
-0.7252436456268748 -0.6416957282263454 0.2494959856468643
-0.7343750501868308 -0.6671568272126791 -0.1248801568168503
-0.6856381531693663 -0.7231219631247267 0.08363581389059506
-0.6137260803428382 -0.5587007352798218 -0.5578474582758289
-0.513065700969485 -0.4497234366146423 -0.7311035610966525
-0.4145506481459298 -0.6192469326499999 -0.6668440571268189
-0.5148675410216387 -0.497790641164731 0.6979368830855246
-0.8556714227458235 -0.5174420188010969 0.008953964216117629
-0.6379066512901951 -0.5390885886128837 0.5499623604094179
-0.2887995468950734 -0.2304494240218358 0.9292404880767974
-0.5712422500386017 -0.7980757322708917 0.1917222400534573
-0.560821345624406 -0.6365648816162335 0.5294001981345882
-0.7462309093905534 -0.5980392764675594 -0.2923840858738824
-0.5845432928077143 -0.6503203025875639 -0.4851727969249038
-0.4658908682970674 -0.3439502510118143 0.8152569678735131
-0.7281656653190359 -0.6487952901394659 -0.2209964600244357
-0.5278066209356077 -0.8491052643011929 0.02098621053304376
-0.6213980620403432 -0.7772462074631418 0.09875617184089605
-0.3806502861604139 -0.699104585720259 0.6052752579371636
-0.7013410216438298 -0.7079416988861744 0.08330259502408222
-0.5216686954448019 -0.5367570907383883 -0.6631391993653973
-0.6826381342554196 -0.5138256786413399 -0.5196040315750508
-0.928191135554736 -0.3686939788947429 -0.05025898729951211
-0.3376676434342402 -0.2788762947361413 0.8990042128999216
-0.4770237810262937 -0.4796068199835496 0.7364954925596259
-0.6600865146322055 -0.7496360497731561 0.04828649998918323
-0.6055476225422907 -0.79214626179704 0.07626517392856969
-0.7202443182195772 -0.4659475530029232 -0.5139464951947861
-0.6139911518716199 -0.7129285808295863 0.3387443048372522
-0.5139310500437788 -0.3949144005854396 0.7615231395112966
-0.7885789751264157 -0.3487800569659315 0.5064540175094017
-0.8806434753302758 -0.4232464289426375 0.212907326660026
-0.1494030810940581 -0.3904494211680873 -0.9084205902934543
-0.4224472904018665 -0.4591960879541502 -0.7814584055723794
-0.7530690495790363 -0.6393996334469887 0.1550971157500467
-0.6963123972289733 -0.6206157132580116 0.3605345779845395
-0.6647745005915168 -0.4188821184245661 0.6185568965159529
-0.6583764849249245 -0.5365070992920151 0.527920956684965
-0.6247813460525372 -0.7680835853732199 0.1403419948019811
-0.2478393335863177 -0.3722148867998911 -0.8944449355729139
-0.6726681237398801 -0.3833517477907198 0.6328973319347063
-0.4626344499823958 -0.6240952975827053 0.6296621516532818
-0.4883487332814493 -0.7115449012221592 0.5051924071550873
-0.5378550523886345 -0.2590800054277754 0.8022402965493339
-0.6521457598946045 -0.7220043397927111 -0.2311182406734269
-0.6411315663361256 -0.6637902230568902 0.3851400452062472
-0.518694316776014 -0.2265044855448987 -0.8244100458948235
-0.7699095682343242 -0.2358312952478527 -0.592977956523644
-0.3866110395037194 -0.4200890768891151 -0.8210097877688822
-0.863129600486704 -0.457309335577695 -0.2141855839153279
-0.534051004159212 -0.6354425884386671 -0.5576757496564687
-0.3786724338820275 -0.3513693376904772 0.8562399058376204
-0.7410551950363617 -0.6711122612298214 0.02110759902536861
-0.6182611581278217 -0.7268094262235513 -0.2991675087689782
-0.4564039410020464 -0.5531032519249401 0.6969736260059322
-0.5322649747071682 -0.4370795596488037 -0.7250210033076182
-0.4627132175936612 -0.4305933097419389 0.7749102398791771
-0.5284003206574729 -0.4729039899647999 0.7050921339828238
-0.59062105775997 -0.4961733169964453 0.636379450981283
-0.6852117365887228 -0.651707288804904 -0.3252114477684143
-0.6851354162374216 -0.669692639774747 -0.2865331213816408
-0.3882826247616553 -0.409238291184859 -0.8256879703231096
-0.1745853450676636 -0.1705996253260886 -0.9697503416478918
-0.6685922338907716 -0.7402719402297351 0.0705824290418751
-0.5776009896599346 -0.5969730425183896 -0.5567766906491337
-0.6217668229869974 -0.6699623508281463 -0.4056556006090384
-0.4854189847971038 -0.8438311135379059 -0.2287301051980848
-0.8239092448400059 -0.4492566655948 -0.3454591215843245
-0.7129680848518222 -0.4245993097063567 -0.5580250318575417
-0.6918162081383035 -0.7206902582128508 0.04467533854638236
-0.5132357557620076 -0.5649112648867112 -0.6461147899649852
-0.8757590380270804 -0.4214737174548163 0.2353848185603742
-0.48024146321109 -0.8458971517674793 0.2320046241878325
-0.6808526420469908 -0.5887479679778287 -0.435678218436049
-0.6578611101513679 -0.5228696027222358 0.5420573201235283
-0.7177538976106529 -0.559919849184248 -0.4139071211687538
-0.5309163741423941 -0.7772125117824307 -0.3377403073314442
-0.6940355256657075 -0.6932027814423393 -0.1943825941655518
-0.656671963824331 -0.5550417325895683 -0.5105982834000388
-0.7079249495370609 -0.6390337848574116 -0.3007957573400284
-0.7450186060526709 -0.6560743223792672 -0.1204730681518515
-0.6089164033022686 -0.702289597371875 -0.3687955195127492
-0.2032875111257073 -0.9509886478390426 -0.233012402033851
-0.5474781983190885 -0.4933315587171082 -0.6759375677819907
-0.682255090318629 -0.6719315192959633 -0.2881597215277286
-0.6917958975044302 -0.7220261980849746 0.00982880842202739
-0.7265597824278612 -0.5885639469784666 -0.3545467005565099
-0.8777405931635867 -0.3363387794652375 -0.3412443062391948
-0.6658494378298301 -0.4616144792283146 0.5861370135970524
-0.5920503770437051 -0.603707573111626 0.5338665724786271
-0.5473823929110814 -0.4321277548967938 0.7166855093964124
-0.6539895599074738 -0.6633069572010794 -0.3637602727905759
-0.520892797215314 -0.5023625250074322 0.6901467867616012
-0.7099919376566707 -0.6722615469687561 -0.2097042224889646
-0.6521445000025542 -0.7577041451770901 0.02433062880144888
-0.2077072269911582 -0.2186572205668423 -0.953439420073256
-0.4925474988002622 -0.7724497934617369 -0.4008968421009643
-0.551923498482222 -0.5389221923928025 0.6363515713579088
-0.5243021101290753 -0.4050268525497763 -0.7490397492976061
-0.6477870574958302 -0.7526569343389653 0.1178111511375924
-0.7241144347501092 -0.6892789615990894 0.02351166696368033
-0.4911268842819077 -0.4600156557684539 -0.7397161482511148
-0.4996566615871318 -0.8631593586128544 -0.072795207058215
-0.667302476334104 -0.7400161197617404 0.0841638139056801
-0.5086454743602039 -0.479044716582052 0.7153991479780395
-0.7380058199931654 -0.3513881411042471 0.5760848756455228
-0.6791082750487605 -0.6100795488618589 -0.4081848782363303
-0.5961254438293686 -0.7993164668028415 -0.07568118073246416
-0.7145943698829307 -0.6991909912205867 0.02206454911369555
-0.6973090980079939 -0.7124153740906461 -0.07889459166864844
-0.37212933305079 -0.5455506797254269 0.7509289016506815
-0.4358342535874603 -0.3889609516025518 0.8116390093682652
-0.6722884534412309 -0.5220188797598574 0.5249043003670875
-0.2714663887147525 -0.4012607887814142 0.8748118535917812
-0.7262725412734312 -0.6823201789857494 0.0834707681831614
-0.8331012565259239 -0.4200692203969739 -0.3598390563154662
-0.6705388146304575 -0.6680181866233545 -0.3226908743897572
-0.5865146669963183 -0.6245832221834919 -0.515651378321715
-0.7167165921649983 -0.697257884015738 0.01219711823699224
-0.6346810928620576 -0.610619963464858 -0.4736276708360689
-0.5007992793614557 -0.5140221059937413 -0.6964060283633432
-0.448673297089801 -0.2824036522054658 -0.8479035615561369
-0.7538811348758142 -0.5968131845430455 -0.2747312454635316
-0.2019132121825973 -0.1985515390066203 -0.9590663903527263
-0.7307132199555029 -0.5511436908872055 0.402863279758145
-0.1663515003459652 -0.2129337735979045 -0.9628013223889977
-0.6088063603387679 -0.7641272338171926 0.2132237935830522
-0.8872887137834671 -0.2527637929372219 0.3857838816908631
-0.4254362004920127 -0.395926500417814 0.8137851347731923
-0.3793086190250066 -0.9108053644140729 -0.1629679713560008
-0.4944632303256717 -0.4888673819382581 0.7186896386707792
-0.5288436505267142 -0.7927542668796256 -0.3030925034403292
-0.6494934904199656 -0.4590829968962147 0.6061361298115138
-0.5702942397449823 -0.7292643262358967 -0.3780714517037708
-0.2903098722025815 -0.2668121214953214 0.918983933442194
-0.6542454865439986 -0.632418566970384 -0.4147404001154608
-0.8909336457525558 -0.3989248560753961 0.2170165847839373
-0.7829884615987491 -0.5054102531115797 -0.3626148715275105
-0.5703038133318262 -0.6158691258111194 -0.5435612020479617
-0.4097559666483082 -0.5893283171044872 0.6962701935706449
-0.2516750271924707 -0.3107160128642751 -0.9165780054296506
-0.4171346831263655 -0.9004825170608015 -0.1230036284054663
-0.4169020529328226 -0.8765806049393318 -0.2404144781509487
-0.5473983539828704 -0.5580839479138509 0.6236163477152714
-0.6072715471861613 -0.3706688345432759 0.7027274600273249
-0.7044685702348611 -0.2105822075285985 0.6777751599340542
-0.608597474972792 -0.5860856938343283 0.5348950111372097
-0.6902560794029304 -0.7104801024284079 0.1369838271498299
-0.381397564699006 -0.3556472888079117 0.8532589897594101
-0.5808190197939173 -0.7222884746971138 0.375431252781851
-0.2880417545536672 -0.3669870080205561 -0.8845069155059022
-0.7484863033022728 -0.4012980673776361 0.5279470758398727
-0.5731900450152851 -0.6388148438733123 -0.513194668271691
-0.6470719549370387 -0.5572481548033466 0.5203579336401286
-0.4812124779450024 -0.845866549176567 0.2300963538480283
-0.6995058108962119 -0.6850156045734604 -0.2035810453192773
-0.6011105960180194 -0.5936099294303169 0.5350638308058168
-0.7653005143523341 -0.5495063079326025 0.3351983595937377
-0.5539973865123016 -0.6263123722368663 -0.5484703347680425
-0.2800431103272907 -0.166782235306457 -0.9453885668572465
-0.5899562972928422 -0.471254873329541 0.6556450347922097
-0.4882983320327644 -0.8701671472176656 -0.06613527679755785
-0.7385845223370229 -0.6725418429603349 -0.04669446253795079
-0.5255862892814461 -0.434650523271738 0.7313261756145232
-0.4593017101796821 -0.4797989537827518 0.7475526088343187
-0.6646271432625919 -0.641173623297148 -0.3836237026392049
-0.7137133379219543 -0.6136994330874246 -0.3376185378507464
-0.4199222855599722 -0.6633683785691965 -0.6193606932996024
-0.2798252171888285 -0.9085632157906161 -0.3101785465460811
-0.6716363340320237 -0.7055998671843162 0.2259058703033168
-0.6362924792279114 -0.5847748730995734 -0.503160241542767
-0.1968747875881374 -0.158552495227226 0.9675233455939688
-0.6727776782594546 -0.7093662659585377 0.2101658781911538
-0.5290573944610831 -0.664158278993884 -0.5281969839084014
-0.5927855643460878 -0.5360532558268509 -0.6010425788746776
-0.410880224757878 -0.641395883094269 0.6479110757292534
-0.9193559554230747 -0.3445746038424805 -0.1898761954930717
-0.217455897642069 -0.6921718729462584 0.6881940357796998
-0.5090337963220385 -0.5851759629531912 -0.6312318802023381
-0.694948221469348 -0.6939728783925715 0.1882780219040959
-0.9083012358609703 -0.3296757272297697 -0.257493261676799
-0.6540768190921754 -0.6077212512348682 0.4503980412077608
-0.6622560667192057 -0.5542170003589997 0.5042424204751912
-0.6598205199955942 -0.7161263844776975 -0.2275958761657262
-0.8244097607952994 -0.544222224682819 0.1554693425300321
-0.5196852787792244 -0.4826263014850226 0.7049816055295682
-0.7143506125140943 -0.6952491752005361 0.07957252530686948
-0.2326182322286924 -0.9709969218519199 0.05526061697895397
-0.3839899824084218 -0.5506908555133706 -0.7411418724265495
-0.7431221949068231 -0.6481445311069651 0.1663672751264445
-0.670286467490406 -0.5642191565870632 0.4820506143958495
-0.6736285719671273 -0.3918834103729414 0.6266194536590782
-0.7465001588496005 -0.6650250848147586 0.02188948159834635
-0.4914130456456677 -0.7385782496285817 -0.4615359008190256
-0.4230157031955972 -0.3254284869867233 -0.845667792166325
-0.622649999527308 -0.582392381354408 0.5226146689760873
-0.620819790651772 -0.6347313677449659 -0.4601074638991364
-0.7197435929333642 -0.6871382240845674 -0.09904656194577707
-0.7111704291987353 -0.7026911219432466 0.02148971324676453
-0.7040268555728625 -0.5369689074336964 0.4647693826852735
-0.4132713846793745 -0.4489413671378609 0.7922489580160903
-0.6085980198902302 -0.7930937194794008 0.02471441498438333
-0.5200799557918192 -0.8322295228892104 0.1921219946158599
-0.3287840903716076 -0.2990331508021374 -0.8958125901324788
-0.5645865102081986 -0.8242924902809219 0.0422369856571706
-0.6112972456069544 -0.714033868542627 0.3412789358976046
-0.5730451422509046 -0.3042844040788717 -0.7609403829322021
-0.2303326681979233 -0.2565201259176023 0.9386928608229866
-0.6585784402264405 -0.6768743398522159 0.3288093157417162
-0.6655917261633726 -0.63107707725184 -0.3984085549158516
-0.6782818365656174 -0.7303959679579886 -0.08034600286191057
-0.6212861346217927 -0.5999992954475309 0.5039884764448271
-0.7070195804143841 -0.7037745168071533 -0.06946036570250905
-0.6373686038519492 -0.5296310337529039 -0.5596894057507676
-0.5582433727668036 -0.5766898094536231 -0.5964840320027749
-0.7165179419856798 -0.663527177400852 0.2152526972259917
-0.6995058108962119 -0.6850156045734604 -0.2035810453192773
-0.643154674564831 -0.6446441708488498 -0.4132625770330592
-0.4645808951160152 -0.4477651368268091 0.7639836216409818
-0.5579413514530542 -0.5447622868234199 -0.6260475215138684
-0.6178252293426298 -0.6605974269743573 -0.4265009090993658
-0.2485998450948755 -0.7698110692935969 0.5878682119419734
-0.4662735335015332 -0.4044286674051411 -0.78678233644185
-0.3790373954228539 -0.3640442982983095 -0.850765773728322
-0.5194659040240542 -0.4949738946467517 0.6965314193736692
-0.6535776015446275 -0.6618200724701406 0.3671927428950494
-0.7916985089536853 -0.5878256286135219 0.1663565486105953
-0.628299585461961 -0.6868843040928174 -0.3652801441349556
-0.693076121322146 -0.667132694903385 0.2730923972650956
-0.6708825015088463 -0.58970996854922 -0.4496207537057321
-0.6479995288470585 -0.4879210424861263 -0.5848330248141277
-0.2067112842662975 -0.3075276014491685 0.9288149542852439
-0.4592981494645226 -0.8654679393022617 0.2000261381378986
-0.4718969100676537 -0.8707065141320888 0.138504413346822
-0.6323461280612958 -0.7010029085849108 -0.3297473221746958
-0.6371393223353106 -0.7648706768705911 -0.09500700815005696
-0.7480507032746564 -0.6436648354056264 0.1616036045159269
-0.6154788700798696 -0.585295775618567 0.5278395736663433
-0.6182667683679469 -0.6578765711198649 -0.4300518809439449
-0.9164428876899204 -0.3308207556818553 0.2251445340501212
-0.6020380819396771 -0.6289298759366907 0.4919322707941141
-0.4846408870287636 -0.4700928387632378 -0.7376557012343182
-0.2730377020554188 -0.5841251646995839 0.7643613054184393