43329788079.59155
17198566682.8861
37359128732.92551
1781907628.638335
165773638885.5638
510876395.3407728
2698469500.301587
54601445262.44178
206716083554.0921
47646868887.56258
1906469828.070385
1380173085.024386
40070101104.48834
1647245917.488862
97101332814.5054
1111406307.051619
635871177522.4293
4146204129.160467
18354821703.39776
1268928316.918489
7237533318.566526
536955914676.0887
2062318768.926468
1298483066.482646
2314630826.706309
364630932281.0609
385969509121.1954
10686649550.90802
103055061894.647
3474281153.856193
2752857828.400858
513007935565.5904
198562970858.851
2708364663.55105
40342140644.79927
6917500847.021823
23684710354.17329
1226813405.021522
21225438603.70987
1580553835.868109
149027304145.4415
1220642899.760267
4940354113.724918
13725229388.79284
1650151374.347919
962588282.1330851
71879428853.12352
424674800087.4819
239360809245.6097
273237810122.0819
1268920104.896872
260223209552.24
9399214952.696049
146543923545.0795
13997721701.70111
598690038.5683433
3206923169.629815
234979727822.0638
1944421121.75009
1008641885.565575
1216928573.931037
8875732868.994465
585275297389.1663
494279969532.7677
18645945154.30931
12903671128.1157
68973071674.28259
1482834172.196478
1993567311.597766
2031111120.648881
465934784.1679088
1900017682.687472
236310652524.4521
759100765.3863173
2910863732.964552
5787486116.222483
29061604830.62682
1270071086.132971
13091164570.7841
507150485858.027
5937547803.020927
3460777683.987723
1995748598.90061
1937931779.734441
9507032712.107155
15684992782.11171
13535659005.97236
7754780194.078752
5907236271.665932
107569441257.8057
1149656383.666538
2793426317.19186
8483771638.860887
4622279064.107226
256490467404.6456
919606783.9586039
16656303478.17918
1895759923.013075
4770086527.277792
44271310562.43235
450994579278.658
14569695801.1748
53709081305.41957
17571631234.77046
122006049816.7531
22912660165.51834
1119448727.824455
32492024433.50492
11716412547.03671
2325111860.944201
1889002125.287923
3192829446.984908
111714608443.9642
2438855043.511941
111039365678.4778
4232630575.142185
6377009753.759453
6878399429.068687
1136489866.543777
204068491265.1584
104791282012.3455
1286636011.721495
5619702059.157782
1084689826.71717
5630857685.717882
881207642.3089842
39153917171.36109
10642933288.80395
38960047948.69968
71960232513.81725
1395225313.794543
4762859907.563489
1375082326727.897
70474689814.09773
2683024774.245028
1564580110.324905
2053861053.56231
41376153942.58099
1285098969.630748
4002215252.726699
75699411130.72241
66968721552.58349
394137903641.8854
25460602716.74549
1220140110.743597
1323835897.682191
8454095155.630795
1684885954.90039
3665172222.011029
15605171385.04194
16047197793.23233
11055075984.63441
16656303478.17918
38115989210.60025
1138274534.521066
40825850852.32262
205395188219.8004
406053364853.4921
1758076883.768014
19554170681.46735
1607620453.695411
3745563740.38337
1168709106.419474
8610765351.561901
3358171635.374204
5696784489.542241
1597834389.798088
1813787077.707368
6899887886.275794
782043362.9689105
19014083541.39018
183494692881.1
16952414673.08149
860104800.3224128
1005430347.586021
856904556.7989531
9779849777.850622
202386990855.9459
264287040860.6188
1063082287.336439
71226494332.99617
20086790943.65086
16746214336.64521
2333132609.687449
4523795372.121342
4298202078.050556
3507667630.980561
839772862.9213581
2703280336.845941
933081649.8863584
2015058812.791663
27232530887.17196
567547961863.2366
2732037042.409148
733286943.1554078
890354516.9008466
2100200566.700308
124757764470.6763
3449743543.692099
22238062082.36857
9438053781.187246
2488212644.802114
1345775992.077483
651792833.9952488
9148908787.916435
5210852325.062962
24625066569.47271
13989859876.28066
66730312067.57043
4411619955.764223
1172195451.249609
4413563980.028198
7410724904.228998
162900221706.6911
4210096581.754941
35435860341.69366
11276022076.23689
30516928305.6739
1170092146.562353
1129944034.921494
14548328598.80546
2106603111.066509
6676748450.401011
24689238540.28797
33115313347.59229
24664336449.30886
1193060548.340911
1104255506.102236
588744040.5477753
33964380799.61061
12049911174.1723
40113391353.84581
2939434214.527636
9578715616.94062
6123240607.235642
8966801318.795954
2204231388.383952
207215986339.4408
8411005705.688366
181883696280.6526
4958766914.976466
317954814466.3332
18073138972.96834
62400816624.27351
2056979957.973513
6355840970.128294
29334795701.95314
21176889836.50235
2774209836.648701
55111793745.91028
2602645426.865142
373828582782.4117
107173463031.5348
1066451563.423415
10021194489.11621
349455262076.6089
1168669915.333176
344677734219.5104
2784773166.329116
2233470467.211017
5470149540.343265
36502634924.19457
1103681536.792335
841990842.7500831
41730759696.3391
462556497.7431142
25881034087.68436
12246453273.56599
1784057386.348841
224729648244.4686
2724925672.080438
9402889933.741806
838624700.0497277
19218158572.91555
5493766457.54855
1024952724.276163
2641773374.234725
121454526289.0102
1263486692287.424
2493446394.206079
266012858469.7986
81405740754.00711
838322923.9352396
1363856724.311792
2156902820.109592
112410160578.5564
87778881317.60158
232931003322.0089
19364156848.86816
9486841623.824923
105246100139.5936
1243434312.094052
4043873737.786946
714221980.3446512
16685166957.21623
1290237718.460392
755393261.5313429
187978882981.8122
16015964880.53147
1709758390.243651
7077927399.482049
14764551746.56359
1674700964.821949
57154823507.27117
15330129299.16373
773665585.5375923
1174215083.845645
2002187512.555415
1071939928.151849
3189147352.334475
3404641711.021029
8777894390.697981
6764625271.605783
6080032761.054775
5605347160.322254
1453280310.035776
222189286129.489
23018488623.11687
1014968517.29137
7289313715.653228
1236904087.764883
4235974571.777282
1307895587.129905
3776045488.34444
17698261010.36896
2466736175.483265
462556497.7431142
41960237219.5436
1494370117.989626
57993527568.85423
2515964433.154046
166949890428.8409
3049657276.05729
4640512600.676562
1669495471.524014
1664986802.917991
9483185936.392147
1031460636.893587
479175968.9212887
1072633689.713021
5557930567.154845
85310937719.27814
13645947103.75418
253587213453.2383
2216409608.376011
1368038201.080204
1423034885.33439
7308077167.109222
1281445798.493705
131912369330.6635
17361430546.96364
2909455014.780703
78247076511.50113