5.749465041506789
3.485990832342333
2.509134332264118
1.993672965492463
4.6721793121385
0.8628259224475474
2.311795016957259
2.59882776922117
3.281685232469288
5.722695209606307
1.471187587423581
1.571412558035893
5.933314758541219
1.620802789984443
6.278782757835322
1.188703525192557
8.32125035663449
2.957953716653037
1.699723511175534
1.348878431652378
2.657913602246252
10.50858856443986
2.882172450862996
1.729596846387639
1.910505231964446
3.589075678259334
7.708290764574352
1.512897848136993
8.013084685520377
2.189112559960389
1.266124851092399
8.386238781766238
3.220160793757666
2.873022350511568
4.189383578888247
3.274333148089323
1.90317310483723
1.887649537367082
2.202909569773141
2.055292502336266
4.649946550490593
1.247480196463098
2.323975837084611
1.434207717349659
1.865742864008498
1.143633535840609
5.487910070819704
6.867774904618916
3.142542914314554
8.642797364678758
1.228237092747612
4.886099873905169
3.466003770519128
7.847551696539013
3.998795377502415
0.9148030268348272
3.1908234025579
5.716168672482432
1.548456020463898
1.230493844229447
1.109881751606894
1.954380965825272
8.981181957922463
5.582565353196158
2.804805214637165
3.685092260184344
7.600029219198604
1.901957559593123
2.275396205982705
1.430996634640511
0.8731856085064877
1.514041545834349
3.218153367313134
0.9356018502735777
2.219297421489358
1.930246701525833
2.003566774501558
1.555745017006403
2.262067160876756
4.097508582191401
1.924550678500923
1.605044102678957
2.043151551692397
1.992047847758093
4.105775278450346
2.640668013242356
1.663256793043454
3.609597846088368
3.702167315310917
6.887240862356946
1.297410229812305
2.221716408232417
3.06000569775362
2.606883588281622
4.647109908748234
1.215799723733536
3.741724021856162
1.451395762667923
1.740193570683485
3.635435359758749
9.721069452133415
1.419591561662577
2.571472500802713
1.787877597382148
3.782318032792915
3.657642574086235
1.433423587955069
3.4586668403872
4.06084230403004
1.426624619535349
1.669499055544562
2.698556231861494
7.18417024101231
2.349387921914493
6.758701272832125
1.785098640440485
2.9533766836632
1.915993391167653
1.417954974915166
3.917054388605387
6.84948508938296
1.853571309712494
3.786746357638656
1.591028432242714
1.676261811724937
1.110991343340109
4.961107232903855
3.787915214478052
4.091632015699834
7.114200613542265
1.280277646303569
3.246198827194353
12.22456832031813
2.730890001287633
2.127296349514024
1.548063151144225
1.313747434198012
2.118352844556947
1.884791440657854
1.499832741994701
5.458090248110712
6.030881668901685
6.613432037521839
1.883083105284252
1.578113595397106
1.392664989120008
1.908015575927908
1.977969915077122
2.086264369437961
2.037447831812161
2.892811198963929
3.137666325419685
3.741724021856162
2.761610465285727
1.902503913340299
2.085653182565154
4.78343687610602
7.0391788402725
1.734336769452042
2.999018223762933
2.17710479000321
2.406783095037586
1.311346989081544
4.353033036392218
1.812116143967058
2.316657004467484
1.728298660626106
1.546164884407163
1.146425130744678
0.9993901682371686
4.64903007482416
2.994634697999454
2.136052593167721
1.239475577158241
1.314094268188788
1.11092000231541
1.612407588303558
8.229350406356211
3.450293675493148
1.251737476334205
6.08238660759992
2.211022723154021
1.779124250273779
1.37435390359563
3.030574922548099
3.25353445502271
1.716043665340514
1.001629968898387
2.702431510347736
1.244237814013923
2.063498871749536
4.85220694214053
8.988842112454494
2.477278750078094
0.9715030303724459
1.121136009224687
2.227282332917978
5.792370602062242
3.063498317927527
1.848448232744022
1.324218768310375
2.559160752324658
1.472916594176058
0.9527016953731396
3.389118631871206
1.705944933321808
1.92688760302349
4.111507921999825
2.388870650939062
3.703057314525838
1.5272997156124
2.534026412211473
1.704688770002481
7.958138344816485
2.492892139126823
3.800955804425194
4.133294202454734
1.935326801910773
1.382921746623143
1.295020049728805
3.088030580830165
1.458111592983289
3.73320708765258
2.164833752900579
5.708531729366488
1.845754513570775
1.439492679572149
1.473840480799465
0.897681150131618
5.563524562485289
1.511763659835561
3.734927531952906
1.411363187244142
1.848733836194913
2.823223539881853
1.924025920538252
1.413080633731915
5.951094738465947
1.297377860760542
7.091712166021779
2.779480403068319
3.410548527356185
4.421269573217702
2.439086997061299
1.64331052538133
3.485245867283576
2.844633393961671
4.079442368255083
1.800232002798494
4.891566350414238
1.52921364782166
9.102031451273623
6.42572991667152
1.429294019851132
1.966928111695533
5.572826880829594
1.463171285370566
3.69561624678337
1.272955180454996
1.321550934761473
2.377788686668178
4.511309791082565
1.915966229538471
1.093590794011263
5.140417949319687
0.8782612058388597
4.573567605208648
3.803625895250805
2.204311812338168
3.883973896642769
2.470319309600794
2.13418327895387
1.138980094697655
1.683480781513987
1.22403955772513
1.139367240459622
2.064953673159533
6.412648711806215
10.64122488770931
2.045068591556022
8.483010795103183
3.158309047408181
1.084423637558487
1.684830623834533
2.336772796585208
3.214715125120044
2.694476949821301
5.286249556937796
4.883990628762149
4.22626355420041
5.528690383234932
1.347004284503441
3.019934155808365
0.9965173916714524
4.21091788809181
1.669048627089197
0.9356040278693253
4.093358983399489
3.531068754053085
1.472935182514833
3.778181188184188
1.694566951393802
1.42592916629528
5.188335361158243
3.14817039540512
1.035138782526452
1.389775271666454
1.804462437554125
1.318038755032698
1.410719545243031
2.023490019734381
3.366208848230126
1.657150429591567
1.869441706435788
2.249849406839892
2.061625061411372
3.491301114069533
2.338934246009738
1.462923788332994
3.679721465064944
1.945821391515237
2.674594913836264
1.529495143137666
1.932179483559413
4.562923082805597
2.122039442572548
0.8782612058388597
5.732700737344119
1.301327732324674
6.324651096230239
2.505441148068872
5.390371607206428
1.781443665286135
2.036492450773681
1.662097467568298
1.804909084213226
3.723281239875529
1.596803192443407
0.858034485623604
1.258105914229497
3.750694972547876
3.138122421045138
1.73970174176915
8.540140041159574
2.609390299822903
1.24987255470181
1.734240522639496
3.371017436911545
1.949133610255614
6.275616359526349
4.24912760566073
2.498862054145282
2.911445249702591