1175.057481983881
1273.029239125197
1531.757902030445
749.4525303868718
1650.204397720637
532.7179152675965
834.9503706739511
1712.718041632013
1738.923046856622
1444.133161104633
1132.132875966549
805.9941945450885
1091.909545801415
989.270873602102
1714.997235552419
991.5523192337603
1990.218418720178
982.407400137799
1467.86658727464
922.9548031784238
1156.82470045469
1888.576480243557
737.3391212790561
809.7311670891958
1052.185728396757
1764.958941262857
1712.205962723772
1440.339814617865
1396.377030694029
1045.179960237446
1253.050020093187
1985.580360681301
1758.379364410453
768.6150954099323
1463.906610752842
1110.488769085193
1490.722168321712
711.6106425154654
1426.214294542008
730.2610905432537
1600.535359196731
1003.535726892762
1226.467498061348
1435.861037365014
847.0934883750107
678.0948270504147
1586.351041853581
1610.321823547957
1711.437831962975
1571.482789255932
951.9999032695721
1673.373172878669
1106.887882871644
1400.940341042738
1203.785631914269
559.8710944933317
778.0825837869614
1749.542561024403
1095.657876302151
704.9285725452204
1132.847940490099
1342.568959032767
1836.755301242484
1661.311512999303
1529.236378351059
1077.852394751359
1300.944140544547
804.7616563290587
808.642964555134
1140.47906100483
538.8078618164369
1038.083800139355
1746.050046289344
619.4917187243747
962.1691748354208
1178.959911333596
1513.258469523879
710.7802769562438
1431.899530228109
2133.138906923699
1342.805348160555
1230.766779092133
828.1496504509416
802.392226789683
921.4365628537934
1330.245232785153
1390.382699455186
1042.224070813448
835.522724861348
1410.518670823289
613.6158675452914
1028.045375092738
1156.070566012984
1098.937208678599
1741.820463200464
633.1435268311079
1287.488286351431
1117.934369063601
1273.790677655802
1443.028151518768
1572.617117571577
1398.607778943055
1650.082579869445
1352.336098181136
1937.630875915368
1264.944341765892
810.3764476434278
1607.455864519753
1005.38855798539
1141.852533556163
986.5871847316655
822.4303022503065
1371.149356301426
794.5459902885844
1254.356707761254
1231.995363642493
1001.383968883894
1395.391831535669
646.9988741734155
1868.579019991884
1528.091671089796
689.969594720808
818.2633118687548
695.4278919503911
1264.728391389561
585.5194022927982
1453.599334552603
1190.380027625472
1403.041091142915
1293.039849259063
975.9124670487358
742.5178936491734
1957.171779819708
1672.517720891578
978.0518610165618
1021.524880955781
1218.861181477511
1584.074589173187
681.2306025543028
1246.923905535567
1472.211459796258
1479.508448316687
1735.561014257982
1490.772053803
663.5107435363091
680.3685437012189
1341.891041736692
705.0052595613786
1091.14710701146
1412.024409253043
1364.523116189926
1211.339447811747
1287.488286351431
1524.242113289328
719.0580661713626
1665.698655656875
1697.89735049983
1597.429025128277
902.5928907929313
1405.135167354208
727.4088460114812
1012.000311817686
665.1185846261185
908.8610227793292
1127.790789932995
1153.383832145807
842.3580754887159
1033.648347671775
1284.271214770545
560.7220729597872
1094.428859424356
1684.018283529929
1408.454367059053
626.2656191052605
712.1159753837001
590.8503229653272
1405.68086957518
1584.483864729908
1797.136589928798
976.5332183198831
1286.044759205264
1554.494110658561
1471.362693429945
1200.442703793968
827.4203460293038
762.2162265830386
1226.7913671875
644.4875942051202
757.5239024093347
631.9651245012326
750.7591144730814
1223.466074212563
2023.743165969539
809.7988800515493
583.3545333774078
650.629442218629
685.6561757634381
1571.103480654372
712.7747586464327
1588.866263916945
1312.170026102004
902.8457630652522
841.6681318807726
540.9358498368883
1142.397373498164
1246.267417196108
1505.215690259173
1076.584240302066
1587.935931684249
834.7201676008793
740.6787268641582
1049.39369487645
1386.45027951202
1457.265742924183
957.0019644279339
1451.302080797531
1083.585093785557
1565.536919292473
895.3786294693455
892.3299495678096
1265.585645051022
1106.354318284039
859.3354203560266
1359.139405774546
1166.714503823683
1611.015807978468
768.0296699146115
730.6666002463191
547.6472308987479
1137.796086301208
1424.226560088857
1391.814199816654
1186.8638713462
1327.451250210402
1126.866805887632
1316.961045853223
1137.17606578917
1629.878098593483
1320.617985973167
1767.655154061216
947.0245445223634
1820.711889711448
937.9663409503078
1713.714758833681
1072.902564415256
1007.747110321124
1542.979997725895
1288.734337430473
949.9377022878659
1311.564185293817
1189.587935061872
1849.080358241746
1698.333502917541
714.3089395884085
1377.4107574206
1720.710407146818
809.4630479705899
1823.207677791055
1210.587109709627
1173.596243023086
1146.080744572799
1364.649927972661
732.1941597909887
553.9781776336567
1488.726409975236
519.7335422044173
1120.82267311634
1184.377307552166
806.6381819122734
1838.711496508326
759.7991764823945
1402.286642801255
627.8967441268708
1457.888485705419
1276.294480603281
651.6422810922063
1044.961180354911
1521.014700080405
2056.267989753002
948.4044801298287
1357.981862153047
1690.39118416308
631.7875412179352
623.5749719243563
752.6654716034292
1910.786370840583
1707.804252084342
1547.569536976973
1007.254015425854
984.4003276624538
1584.729951812486
711.8827701700277
826.6421879416132
562.2528396482729
1251.308225810998
816.7144706002282
613.6428909177989
1834.404325352556
1267.810531440847
1048.473959868328
914.0650921053966
1439.806022909443
1010.888784600347
1445.959277376157
1260.851142609753
601.5110541425452
857.3055123597095
920.9217158498225
762.6018441188031
1233.748618453437
1062.121775780801
1215.390531056099
1317.022105421584
1231.820158956146
1240.487785509828
695.0678969064195
1771.882980784445
1428.164600346449
728.8394772536809
958.9073439680093
753.940384999864
934.1092470061202
830.9333601452403
1102.530289663447
1117.638453580006
936.6026794372772
519.7335422044173
1134.799507749161
994.8476657301296
1180.152658543906
863.3913996056485
1577.761369325183
1185.128397764162
1091.980905636834
858.2998443508511
833.8087780805106
1149.064532082446
703.236416200143
519.426384775057
610.9294737465502
787.9043789769757
1507.246143422981
1460.471526888816
1766.102462645555
821.6599357325804
1118.599404527121
689.0763978763573
982.0307438621571
812.0959305460105
1592.959427630207
1124.35524332655
896.6037800787394
1489.224846988712