1534.742187345638
1557.206030902467
2063.898827480131
893.4827677566362
2237.980775691648
659.7829490931554
1001.649060822836
2532.364676239563
2565.765907796961
1895.260289059497
1422.792555692806
943.3396706326641
1385.86854397039
1201.857775039519
2272.906506121983
1174.796924807692
2624.299788786667
1228.127043953876
2065.269621480698
1069.03652459007
1467.965353172965
2495.000898477809
880.115512100552
957.6561311977273
1268.12064203069
2680.236018197084
2558.506876059569
2002.107997667052
1758.117925455491
1278.601697506065
1660.616991631944
2617.756708797987
2563.587841862474
911.9414506861035
1863.577836524085
1442.532547010878
2069.89210391168
832.6461862398353
1907.279117833722
855.8798300315846
2183.464947212676
1206.059018637945
1557.157945144032
2021.912409501786
994.8889520148628
798.9303178221546
2119.37085917938
2067.399270786782
2590.68645769383
2048.225347718171
1123.335322152502
2505.271562990029
1468.574831178744
1815.912063659091
1528.714280814345
682.7151092847112
952.8383515726812
2300.329191121706
1357.275341556798
831.2915820251612
1438.547948053903
1760.633675531782
2532.233044564999
2689.268423829442
2090.221860410701
1345.014977664548
1645.879165101665
930.5384576708509
937.780961120289
1465.806906027994
657.9937353009283
1276.769519821548
2693.490358298011
744.3768212161172
1174.76872502833
1502.65970215595
2150.637231884891
845.9703477219118
1906.01135506583
3149.259330299909
1793.373848989144
1584.047117197129
999.9898212881409
968.1347054101109
1129.875831683577
1668.4737175686
1911.484992568537
1290.687343478692
1022.184721370309
1874.268715894257
744.053329308062
1277.995363684009
1471.126964149181
1379.648658350577
2489.601006115847
766.3015759468933
1656.164600043443
1409.560320629901
1650.028504279585
1830.429285973732
1958.808895132328
1923.401127954942
2449.611595649973
1792.308845604908
2710.201694294701
1639.411336257818
924.2303638609224
2186.03986541583
1276.687987552384
1435.976965569917
1200.759181853742
998.7192698079541
1840.010737430425
962.5286487767867
1532.379628865978
1549.459603242855
1283.480252324465
1822.451273189855
784.4824188652208
2614.427724314966
1955.905981413356
811.6528507952879
1001.203572556801
803.2688190540396
1704.177131808532
716.7633488993592
1928.926688540456
1550.545159462129
1888.537750795044
1707.947160409946
1167.671393183311
910.6540870067088
2477.051088666853
2288.564582401705
1196.946793374263
1253.745395688882
1601.040339543629
2281.465317764549
805.1421632800882
1662.496600858713
1918.220918410818
2009.095634184667
2240.28587357702
2110.814401543271
799.4234478079441
822.75014194763
1779.81145025328
850.3253359260643
1378.103159596562
1904.483318896626
1778.223722248133
1533.18410998176
1656.164600043443
2073.426087307505
833.6801502871042
2438.879179030683
2361.299502209989
2199.649144958033
1042.681782673402
1845.264601598123
847.9704338910929
1243.545286266969
804.8168573504039
1125.198687810875
1410.100831366783
1424.252916762346
982.9512438000786
1269.417562197732
1753.19834751613
696.4688143562515
1396.444183655065
2481.330901979515
1866.153197054794
741.9857464476878
835.8412342321757
723.1422974210338
1922.516244463298
2026.716367208564
2696.278638733854
1147.712526455656
1612.613916815795
2124.779925657577
2095.94407329483
1587.655976724732
1008.370701739971
939.3992363819489
1550.392137636808
766.3259226576068
919.5633438754203
762.7744390322562
900.5861053244918
1561.039680403805
2635.261789718446
971.8649928996705
710.5254639648438
768.3189416045861
830.0635201262668
2199.144370072542
856.416269445124
2279.069154769476
1798.280468173688
1095.150360406325
974.6972246620466
676.2957252067392
1503.036436848066
1635.876428602709
2126.608706275734
1382.45158162079
2251.72059897251
1018.613325938752
878.4499309888461
1259.023090491257
1830.418913442326
1947.007037817152
1199.113019818976
1865.648450880107
1323.644439400303
2251.991622437896
1030.381241593093
1045.500539468837
1647.038197663455
1396.473451212507
1064.594736295603
1839.610099545344
1520.550659059451
2265.610900549638
907.8856097213963
849.6042376724777
675.3928007377423
1449.002585894078
1993.689676903304
1808.389070696954
1541.588606792167
1749.092236379709
1404.46901737912
1681.843713159937
1471.765935590851
2316.50134371192
1762.502401025319
2367.413545902119
1152.682611167885
2718.41734512532
1168.285735428694
2569.168200942349
1308.297254851969
1253.743840001242
2057.481489799756
1658.713198622172
1161.212679022825
1687.590251224045
1508.024749837427
2377.170866387772
2347.344359005786
827.4942076390657
1819.997066764974
2364.319162024985
941.4352875117493
3044.576226585586
1590.613706581318
1535.42206427226
1384.974442155932
1778.658470386126
844.2361098618851
693.8120965913588
2027.874736500652
644.7265054938268
1447.710979820552
1490.42898195468
941.3678350443399
2471.236016957635
924.7160427081876
1873.659826155295
755.0653904341053
2027.745464042286
1702.321738689094
784.9384349034548
1262.177366617728
1969.588144445235
2616.660802159995
1196.718217480315
1651.268596200857
2266.271861859409
751.0178323093642
748.9782244463181
905.9434035722427
2786.725561888402
2537.435794908828
2189.402864831348
1246.158615484736
1239.307734357579
2161.853178934714
842.0213870931786
1006.409575010361
695.3107807929839
1598.656015821436
951.9620272107734
738.2385033457733
2653.538559517649
1574.334544172799
1293.055696613288
1148.361445136359
1951.395142270033
1216.858246426139
1871.761733703235
1573.911836073682
726.8348044357592
996.0345259067071
1096.613729276618
892.899747929835
1619.466563709238
1302.178883366255
1542.956230428979
1744.805751618803
1589.041269355774
1584.08786427786
823.9904982212619
2479.792715829993
1952.829030062139
839.4771424786043
1213.444852154028
867.4682599116859
1143.673256165402
976.9588489189222
1364.254962223698
1397.072268376704
1134.565920659367
644.7265054938268
1413.254211155833
1194.795973365725
1436.546184704465
1029.973044514069
2189.694612623965
1487.728925591196
1336.899639232592
1011.850773348511
969.2642640396389
1466.604341016867
815.7609963572154
648.1871794105848
734.2021587758145
975.2059201277383
2074.535047383808
1989.996426150548
2286.256827468619
982.3409106354634
1404.096359229835
832.1115872705077
1236.449710581792
937.7046815034387
2171.996202538904
1465.816675813162
1071.150630278308
2072.010201436776