-483.3178086998526
-729.2136185168433
-1036.873607716042
-327.4924009979235
-1011.454067389278
-202.0727741229073
-385.1854876321937
-1022.819690725015
-1156.156718295179
-657.733538913075
-750.1358846678377
-390.9792436802066
-454.2389159918793
-551.2103301127672
-936.3785381812044
-563.9423086914879
-1050.149108410616
-471.7658211331699
-921.024220048791
-495.2164968774724
-620.9060370554155
-1025.84649709698
-307.4492522356299
-373.7502982644365
-580.0444187783921
-1037.353581797568
-1198.101522290073
-902.7782386807257
-605.1309834210267
-605.7208877576867
-799.7783693742958
-1078.893562930368
-1104.806209013489
-338.7606600839807
-845.8607475624965
-532.4038923965234
-998.4967687618511
-303.3457647728171
-958.72514027441
-312.9586845171318
-989.9764929906282
-594.4030773406134
-673.2379767433691
-910.857863820296
-403.9152012174625
-286.5369476352283
-787.2743940913876
-961.2331857727246
-1123.512114093333
-775.6377374583353
-520.1440394814783
-1092.694829911704
-524.1569164349273
-572.224245429454
-597.2407240015838
-214.5716269875711
-327.4841587308769
-1040.327521607759
-697.1761968650434
-306.1104105459449
-738.9744103961045
-816.2257850736962
-916.7361389758203
-1210.843854541186
-874.971839080198
-561.3029319133677
-559.4234747547088
-373.5337093100291
-376.7264850410795
-731.7469177696037
-203.5129477713957
-591.3909302978506
-1036.290264217263
-251.2649194317298
-519.8354237531134
-721.2995825466021
-981.5603899923535
-305.3977490540806
-830.3815687798051
-1378.237621415804
-775.8248250327438
-746.2534289959013
-385.8757910513831
-363.5889308535203
-419.3672379922276
-843.3516833571216
-957.203375111646
-508.5304914896899
-366.0050240308146
-582.0335596420355
-244.0906075094242
-527.6433002563061
-585.4854461605998
-565.6941096422094
-1142.72576939857
-256.9418001087844
-667.2065605188502
-695.4047289693476
-755.845468891386
-868.1991165380294
-703.0848674399427
-952.7522932093344
-990.5798459523666
-917.676583594066
-1157.533770070949
-702.2386032150118
-387.3677165995035
-906.106204151307
-457.2059820059764
-688.3039368929848
-530.0541190891291
-362.1693544356113
-550.2665600575961
-359.5403105665069
-616.6496795474768
-757.3542498362895
-503.0655013093761
-800.2046535631904
-265.7370419804881
-1196.541602099684
-665.6111398547603
-291.1475806458454
-343.331526561046
-294.5434474723978
-821.4938264834312
-229.2824793524459
-699.9707968484392
-572.6489434340946
-767.4193225474208
-523.709611286416
-568.3597529802209
-309.0299054741011
-1041.294074640771
-1091.110825356851
-531.8328112860778
-570.1354879517096
-769.6436306781089
-1031.632644943398
-281.3889740800076
-810.0516516284943
-827.2856257803838
-774.8493677631647
-1042.461952266958
-1035.64635778
-270.254833327743
-284.2558468960372
-828.1321445048097
-298.2737463580812
-577.4797385179663
-975.2931159771988
-801.4513108777071
-657.0732796383361
-667.2065605188502
-965.2463599179689
-312.902549140438
-1055.657253697732
-1027.915296397998
-1042.122696236599
-481.1833342848912
-792.3943088164356
-316.9238337009625
-564.3666158158049
-270.6148982120367
-393.2362747177909
-680.2003655820007
-669.1449803570883
-418.5100859899262
-616.5146370799067
-863.9455432450212
-215.0537614657446
-478.2710910777719
-1191.690042599594
-939.3251819620713
-248.869506225763
-311.4963099268911
-230.237321334512
-883.8345383356982
-757.7984926645667
-1151.355870262999
-547.650836749481
-587.6265873808567
-916.7951179842345
-949.1773019409518
-761.0341659786616
-363.1171417844026
-314.8452741782481
-728.8944239151222
-265.773490844139
-326.9163107595224
-254.7680701562248
-321.0203159930282
-558.0836172628037
-1311.674835827658
-370.3844514124377
-229.2781730835714
-263.843067304385
-277.9407875998055
-900.5573945615257
-292.0172103197574
-1039.925373614802
-878.9760223398333
-435.1726059154589
-422.8840286357342
-206.7858143545458
-535.3783522348183
-831.5641417908696
-987.9810178734366
-512.4790572298568
-1077.980111914148
-357.8687089131366
-322.8580047829624
-574.0340504010358
-821.4026179197499
-580.087904560161
-484.4889101023505
-841.7472704388628
-523.5936197477897
-946.3311594555519
-455.0493931289572
-455.1869189235813
-725.8383267321739
-703.4951799667671
-372.5406356146825
-909.961737145961
-479.0532210226772
-986.326483530768
-352.343842295609
-321.8364588988965
-206.6154947849519
-497.108464435187
-977.9473030121367
-837.0731812558147
-714.8089702492589
-881.3020317394307
-602.6258597864044
-888.0070024516435
-698.6762185949591
-1033.568464364541
-904.4749020480629
-905.0727823372289
-474.990448099249
-1117.370236769361
-401.2036059806205
-1047.007663468228
-665.7557132857448
-483.316978432265
-894.8877400146374
-678.8389354725839
-494.8839812671676
-678.0553151099123
-798.9670647136004
-899.0083057963753
-839.1265441590792
-315.8539448225089
-861.4572308279951
-1073.533254671271
-385.5855910044957
-1195.370626510775
-817.819672488542
-748.4295579240872
-684.017326499111
-751.4355591030653
-320.7648397858045
-212.633770999008
-729.1428984977135
-196.3582903301717
-512.6740273831525
-606.8889910802468
-370.7448884608572
-1119.69935917274
-334.2568888156264
-805.0806477022236
-249.1790701322857
-986.3898598498439
-873.9713068839137
-267.9718501632134
-566.8904042760346
-734.1613550353798
-1129.07075591537
-477.9649949192327
-577.5745152495067
-1044.157301480844
-257.5530521681441
-249.4999852196098
-335.2362420875138
-1169.023988518884
-1125.92115581964
-930.7717385977805
-466.230411104149
-444.4621523879575
-916.5398003671526
-306.881224042045
-369.0430310870783
-217.7363114300264
-638.3165634583313
-394.0393280654899
-244.0625393903599
-1231.799541585126
-685.8154124642904
-599.4721942809323
-405.0764470280512
-919.1007346215434
-554.3012448227396
-688.0396784097766
-740.8018666900498
-240.0006828155542
-427.9024915641268
-459.6499968323972
-342.2991654294148
-772.1084192276483
-622.5724007104686
-591.2598224265207
-783.1097815266897
-772.11174472165
-673.8042017660878
-289.0848128425345
-1177.116942476259
-934.5290902820768
-322.1224965129659
-434.0737640051032
-330.711352147803
-453.9410209343869
-395.0961456300046
-627.4641991961415
-520.6543795819725
-475.0186651349622
-196.3582903301717
-501.8754322921628
-590.4376977125405
-548.3045626680548
-404.815535375974
-918.7711264331344
-738.1797827167038
-644.5993790480924
-434.7319807432877
-394.9745519952249
-583.9644157524376
-301.8064790602816
-194.8444402638727
-240.5766382534499
-333.4121873927247
-992.3608212827102
-894.7773722565965
-810.319823538046
-371.5656089680572
-687.8539115584566
-286.4620616532238
-464.373748493266
-380.5735947591572
-894.5091548328529
-522.3145889048027
-441.1627604290379
-1025.907230388416