-300.8350157108087
-606.0784619062625
-945.9323228226186
-182.9870490185763
-889.7074198431022
-74.09518135009594
-247.2474067506175
-962.1241550768248
-1033.057544304099
-503.6075948488567
-669.2856067212023
-276.2897965939403
-264.6119892521384
-413.9013254001591
-873.3217175965812
-383.4093016863955
-916.9259735275926
-295.1044518495743
-688.6016829279781
-333.5074365461792
-460.7813362327936
-989.1105899110452
-149.5242574915091
-210.3849448075732
-406.5605479763133
-992.0553542334039
-1199.224663872009
-694.8651794912091
-448.7796971245328
-511.4910738716703
-591.1028900120052
-982.4332339923492
-965.0700248075091
-212.6690526595459
-684.3483108806195
-350.9087317477059
-853.4177230480639
-149.8501800012007
-888.4850310824511
-174.3916826162712
-948.5869382594441
-428.8615899506588
-490.2111408917452
-703.1288138847033
-257.558043699829
-146.7120512403986
-667.985163790705
-823.6094708381358
-1045.946001288285
-651.799987023268
-344.0978108067347
-1045.73594907904
-345.7174475674098
-385.9250263854748
-422.8822660725205
-90.90493178191272
-165.6401157588194
-861.5135137839038
-631.2767785293474
-155.6233673747804
-556.9973794677239
-649.088391642822
-731.1205006584202
-1207.779482096463
-693.6649919309858
-436.3704034868386
-392.504797588449
-215.587574270709
-267.8483664512992
-624.9413069022501
-82.17277946275581
-427.5615958561246
-1021.015382597922
-110.8443236411155
-415.8586420173156
-635.0111789167762
-838.8192036818101
-152.6395649152559
-646.6223573483792
-1276.837127790202
-578.5574383856866
-562.4046022170695
-248.1043619867154
-202.085766968685
-273.1895470201633
-747.2251927458396
-844.7766425397016
-347.048027950574
-216.8530572561638
-423.87698374
-123.8528999684186
-348.3366903581069
-413.0411591405972
-391.9047694250416
-1125.040616098008
-114.6384779595174
-496.4072093403115
-547.9463590662467
-565.4288537748546
-749.6483970239118
-574.4251269149197
-786.2368708900904
-922.7817189764332
-814.0950057921671
-1050.185762692203
-555.5111878868128
-255.8431747976402
-746.250138201448
-290.2920037620744
-498.3043368657221
-357.1666631427289
-197.8773046122533
-387.4157226957607
-226.6833651923937
-441.4526580412866
-616.2777786807336
-363.7794391400653
-600.2704121815365
-144.9169799400355
-1106.422919690344
-524.968708888686
-165.0945539490436
-179.2618707690264
-167.7268803999357
-713.3227651293167
-93.98442115650346
-546.8423125045234
-396.6750936592974
-608.7557612891875
-353.2239709068632
-455.2220909724857
-168.2841629129022
-1028.804279089765
-996.3812245823682
-418.7635145524299
-389.6306186636663
-557.5423393304728
-843.9371671335953
-139.7834133335327
-691.5952264720527
-682.1707045742486
-641.9528120823346
-858.6158937989331
-887.2462924694979
-122.3293947116044
-145.2224067072834
-668.2020725074963
-168.7558412228626
-397.8833716670666
-876.3146408811415
-642.1645950772986
-495.9892923943629
-496.4072093403115
-835.8074186938312
-160.8887247958655
-833.3087453336259
-902.425939079356
-983.8389139739472
-398.1964976118249
-610.058753960456
-191.7081419100815
-479.751142384968
-123.1392406507877
-222.5633878346489
-552.102211328744
-540.1430345084042
-323.8183696657937
-506.5790278119748
-707.5916386247918
-89.68594976087638
-292.9336776449674
-1075.751311994271
-871.9503603385363
-106.121877060208
-190.0210572831244
-107.2460562112897
-669.6112016064544
-638.2330408712183
-1021.271494945074
-368.9406107685428
-394.6331157607262
-737.9722319034844
-743.1030180029119
-573.0608621981105
-217.5752103044883
-166.7426068264848
-541.6498841875417
-121.6309827485461
-189.2808692530836
-117.1333644488833
-162.8161109960182
-372.5517342055299
-1279.077193220915
-251.3222069701715
-97.89845559771024
-118.3628597829799
-136.0644482284097
-798.3277809793096
-161.6024092244119
-834.6277234731326
-745.7171776739111
-274.1982224294987
-314.8069864596931
-78.20845686162272
-356.6229274843737
-766.7547644877563
-763.1039895820676
-347.8259713627916
-926.0207723354504
-189.434895902648
-166.2994235524748
-454.1638284467435
-619.2594946711542
-428.916112319991
-357.5394498320423
-684.3523889021214
-350.4747629933093
-720.9391200529353
-283.5486419146823
-285.32021954582
-581.8151741254152
-611.9917807026407
-218.8751376664472
-808.3139572537008
-300.3619558314196
-809.7970064626161
-201.9799120307387
-196.0827456357999
-75.99172716300586
-308.9441820599272
-812.6181077256892
-709.9015065082319
-517.8422124639867
-813.1450785721506
-427.368148038578
-820.9253816134078
-505.7451334768313
-991.023199857023
-795.5437653159543
-826.7860090457682
-352.5602762827716
-1088.833847172893
-236.3951126180214
-853.1167237517709
-601.451008447117
-315.241414970897
-725.2213877573176
-502.743222685617
-355.4455181731822
-512.9239800813029
-728.608607938903
-858.4606637370397
-714.2711932162795
-200.4015072844389
-714.7323038164761
-982.712514853533
-257.1864293346421
-1120.192105972847
-730.4551024902331
-561.4855035923721
-594.400459001906
-589.1665879561357
-193.7511827320185
-99.56097063207531
-591.5284504428726
-71.09553647878028
-334.5509794593995
-427.1040098667875
-239.567063517631
-1008.783015985018
-213.0846258268293
-611.2918657737899
-106.4700481938004
-845.9172765372372
-751.2240533881895
-134.7180097079636
-393.3245931887546
-538.9400926777197
-1104.097089429489
-307.5213737900913
-399.5021295563503
-965.1127429923098
-115.6077226346725
-130.1157336421119
-211.0710935990321
-1019.682625059893
-1067.510822000455
-860.4816556736221
-306.6649274096292
-266.5113433069735
-828.5339238769144
-174.1249181325266
-223.2209748543448
-86.65293489801948
-463.3045947054441
-286.4266477707144
-102.8244134236047
-1214.246111211244
-535.8593656783468
-413.7697903988164
-244.2598366679483
-757.1552785031729
-371.2228515297469
-504.5336176021179
-625.8869716019404
-122.4557379719776
-285.2943186196887
-286.8945008402339
-183.4105251422883
-589.5032484181086
-517.2779164674334
-414.6186681140796
-585.8625377890679
-690.4978307560723
-489.1456694299396
-145.7744709842194
-1053.331551442531
-852.5019001780274
-175.7523190343709
-266.3481625275809
-172.9964640646982
-304.3991826988399
-230.7667323635137
-475.1447793795161
-347.460181038905
-304.3166931318628
-71.09553647878028
-324.8188701520524
-495.1135025115676
-371.1743898046096
-253.199050537785
-842.99449145238
-628.0189479556212
-555.650136843517
-326.5016543446543
-241.8431348276276
-404.2941820630457
-161.1366334993974
-72.93281242324557
-116.5237056221724
-192.9871686431402
-901.1319901953715
-698.8227538021981
-731.0723848727507
-214.3337746962373
-490.014691168281
-135.4269517739857
-304.4554606631792
-236.2307937525422
-813.2970484508203
-346.3157844726134
-329.0154603650872
-932.198584325653