-2 1.100000000000002 -0.2000000000000002
-0.4999999999999987 1.300000000000002 -1
1.200000000000002 1.700000000000003 -0.9
-1.5 -0.4999999999999987 0.4999999999999997
1.900000000000003 -0.1999999999999986 0.7999999999999997
-2 -1.8 0.2999999999999998
-1.299999999999999 -0.09999999999999858 -0.7000000000000001
1.800000000000003 0.2000000000000016 0.0999999999999998
1.900000000000003 1.100000000000002 0.5999999999999998
-1.5 1.300000000000002 -0.1000000000000002
0.4000000000000016 0.8000000000000019 -0.8
-0.6999999999999988 -0.5999999999999988 -0.8
-2 1.100000000000002 -0.8
-0.4999999999999987 0.3000000000000016 0.4999999999999997
-0.9999999999999991 1.700000000000003 0.0999999999999998
-0.1999999999999986 0.1000000000000015 -0.1000000000000002
-1.199999999999999 1.900000000000003 -0.7000000000000001
0.5000000000000017 -1.399999999999999 -0.1000000000000002
0.900000000000002 1.400000000000002 -0.1000000000000002
-0.09999999999999858 -0.4999999999999987 -0.3000000000000002
-0.7999999999999989 0.900000000000002 0.5999999999999998
1.900000000000003 -1.6 0.0999999999999998
-0.1999999999999986 -2 0.0999999999999998
-1.099999999999999 -0.4999999999999987 -1.942890293094024e-16
0.5000000000000017 -0.5999999999999988 -0.3000000000000002
1.900000000000003 1.500000000000002 -0.1000000000000002
2.000000000000001 -0.6999999999999988 0.1999999999999998
0.5000000000000017 1.400000000000002 -1.942890293094024e-16
1.500000000000002 -2 0.2999999999999998
-0.2999999999999987 0.7000000000000018 0.8999999999999997
0.3000000000000016 1.000000000000002 -0.2000000000000002
-1.199999999999999 1.900000000000003 -0.6000000000000001
1.800000000000003 1.500000000000002 0.1999999999999998
1.471045507628332e-15 -1.7 -0.9
1.500000000000002 -0.5999999999999988 0.4999999999999997
-1.299999999999999 0.7000000000000018 -0.1000000000000002
0.900000000000002 1.500000000000002 0.4999999999999997
-0.5999999999999988 -1.7 0.1999999999999998
1.300000000000002 1.500000000000002 -1
-0.3999999999999987 -1.7 0.5999999999999998
1.800000000000003 -0.4999999999999987 -0.2000000000000002
0.1000000000000015 1.471045507628332e-15 -0.3000000000000002
-0.5999999999999988 0.900000000000002 0.1999999999999998
1.300000000000002 0.6000000000000018 -0.3000000000000002
-0.09999999999999858 -1.199999999999999 -0.5000000000000001
-1.299999999999999 -1.199999999999999 -0.5000000000000001
-1.199999999999999 1.500000000000002 0.1999999999999998
2.000000000000001 -0.3999999999999987 0.9999999999999998
1.700000000000003 1.900000000000003 -0.4000000000000001
1.800000000000003 -1.5 -0.7000000000000001
-0.2999999999999987 -0.09999999999999858 -1.942890293094024e-16
2.000000000000001 -0.09999999999999858 -0.6000000000000001
-1.399999999999999 0.8000000000000019 0.3999999999999997
-2 1.500000000000002 -0.6000000000000001
-1.199999999999999 1.000000000000002 -0.7000000000000001
-1.8 -1.7 0.5999999999999998
-1.9 -0.09999999999999858 0.0999999999999998
-0.4999999999999987 1.900000000000003 -0.9
0.5000000000000017 0.6000000000000018 0.8999999999999997
-1.199999999999999 -1.099999999999999 -0.3000000000000002
0.4000000000000016 0.6000000000000018 -0.3000000000000002
1.200000000000002 1.471045507628332e-15 -0.5000000000000001
-1.399999999999999 1.900000000000003 -0.9
2.000000000000001 -0.2999999999999987 -1.942890293094024e-16
-0.2999999999999987 1.400000000000002 -0.2000000000000002
1.000000000000002 -0.9999999999999991 0.9999999999999998
1.400000000000002 -2 0.3999999999999997
-0.2999999999999987 -1.299999999999999 0.2999999999999998
-0.09999999999999858 -1.199999999999999 0.9999999999999998
0.7000000000000018 0.3000000000000016 0.5999999999999998
-1.8 -1.9 0.5999999999999998
-0.3999999999999987 0.4000000000000016 0.2999999999999998
1.700000000000003 1.900000000000003 -0.2000000000000002
-1.5 -1.5 0.2999999999999998
-0.5999999999999988 0.4000000000000016 0.8999999999999997
1.000000000000002 0.1000000000000015 0.8999999999999997
1.600000000000003 0.5000000000000017 0.5999999999999998
-1.5 -0.7999999999999989 0.1999999999999998
-0.1999999999999986 1.300000000000002 0.1999999999999998
2.000000000000001 1.900000000000003 0.4999999999999997
-0.1999999999999986 1.100000000000002 -0.1000000000000002
0.900000000000002 1.471045507628332e-15 0.2999999999999998
-1.199999999999999 -0.1999999999999986 0.5999999999999998
-1.399999999999999 -0.2999999999999987 0.1999999999999998
0.7000000000000018 -1.7 -0.9
0.1000000000000015 1.500000000000002 -1
1.300000000000002 1.000000000000002 -0.7000000000000001
0.8000000000000019 -1.399999999999999 -0.6000000000000001
0.4000000000000016 -1.9 -0.7000000000000001
-1.9 1.400000000000002 0.0999999999999998
-1.9 -0.9999999999999991 0.8999999999999997
-0.899999999999999 0.4000000000000016 -0.1000000000000002
-1.099999999999999 0.900000000000002 0.4999999999999997
-0.9999999999999991 0.7000000000000018 0.3999999999999997
2.000000000000001 -0.09999999999999858 0.4999999999999997
-1.8 -1.099999999999999 0.2999999999999998
-0.9999999999999991 1.200000000000002 0.5999999999999998
0.6000000000000018 0.1000000000000015 0.3999999999999997
-0.1999999999999986 1.000000000000002 -0.3000000000000002
1.700000000000003 1.471045507628332e-15 0.9999999999999998
1.800000000000003 -1.9 -0.6000000000000001
1.200000000000002 1.000000000000002 0.3999999999999997
1.800000000000003 0.900000000000002 -1.942890293094024e-16
0.7000000000000018 1.400000000000002 0.6999999999999997
1.200000000000002 2.000000000000001 0.7999999999999997
-0.6999999999999988 1.400000000000002 0.8999999999999997
-0.4999999999999987 -0.899999999999999 -0.6000000000000001
-0.3999999999999987 1.500000000000002 -0.2000000000000002
-1.6 0.8000000000000019 0.7999999999999997
-0.09999999999999858 0.7000000000000018 -0.2000000000000002
0.3000000000000016 -0.6999999999999988 0.1999999999999998
-1.6 -0.09999999999999858 -0.2000000000000002
-2 1.400000000000002 0.0999999999999998
-1.399999999999999 -0.1999999999999986 -0.8
1.600000000000003 -1.5 -1
-0.09999999999999858 1.000000000000002 -0.6000000000000001
-1.099999999999999 0.7000000000000018 0.8999999999999997
1.200000000000002 1.471045507628332e-15 -1.942890293094024e-16
-1.7 -0.899999999999999 0.8999999999999997
1.900000000000003 1.700000000000003 0.8999999999999997
-1.7 1.500000000000002 0.2999999999999998
-0.5999999999999988 -1.7 0.7999999999999997
-2 0.2000000000000016 -0.5000000000000001
-0.7999999999999989 -1.5 -0.7000000000000001
1.100000000000002 0.4000000000000016 0.6999999999999997
-2 -1.299999999999999 -0.4000000000000001
-1.299999999999999 1.300000000000002 -1.942890293094024e-16
-1.299999999999999 0.900000000000002 0.0999999999999998
-0.7999999999999989 1.500000000000002 0.6999999999999997
-2 1.300000000000002 0.0999999999999998
0.1000000000000015 -0.09999999999999858 -0.6000000000000001
-2 1.471045507628332e-15 -0.9
2.000000000000001 -1.9 -1.942890293094024e-16
1.600000000000003 1.500000000000002 0.7999999999999997
-0.5999999999999988 0.4000000000000016 0.7999999999999997
-0.3999999999999987 0.3000000000000016 -1.942890293094024e-16
0.3000000000000016 0.900000000000002 -1.942890293094024e-16
1.600000000000003 1.000000000000002 -0.4000000000000001
-0.5999999999999988 -1.9 0.4999999999999997
1.000000000000002 0.4000000000000016 0.5999999999999998
1.600000000000003 -0.899999999999999 0.5999999999999998
1.500000000000002 -1.199999999999999 0.2999999999999998
-0.4999999999999987 2.000000000000001 -1
1.300000000000002 1.400000000000002 -0.6000000000000001
-1.9 -0.7999999999999989 0.1999999999999998
-1.6 -0.899999999999999 0.4999999999999997
1.200000000000002 0.1000000000000015 0.4999999999999997
-1.7 -0.4999999999999987 0.7999999999999997
-0.7999999999999989 0.6000000000000018 0.0999999999999998
0.900000000000002 1.500000000000002 -0.8
1.300000000000002 -0.2999999999999987 0.5999999999999998
-0.7999999999999989 1.100000000000002 0.6999999999999997
-0.9999999999999991 1.200000000000002 0.5999999999999998
1.700000000000003 0.3000000000000016 0.7999999999999997
-0.5999999999999988 -1.6 -0.3000000000000002
1.400000000000002 1.500000000000002 0.1999999999999998
2.000000000000001 0.1000000000000015 -0.9
2.000000000000001 -0.4999999999999987 -0.7000000000000001
1.471045507628332e-15 -0.3999999999999987 -1
1.300000000000002 -0.4999999999999987 -0.2000000000000002
-0.3999999999999987 -1.6 -0.8
0.6000000000000018 -0.3999999999999987 0.9999999999999998
-1.7 -0.9999999999999991 -1.942890293094024e-16
0.6000000000000018 -2 -0.4000000000000001
-0.1999999999999986 0.8000000000000019 0.5999999999999998
0.900000000000002 -0.3999999999999987 -0.7000000000000001
-0.5999999999999988 -0.2999999999999987 0.9999999999999998
0.4000000000000016 -0.09999999999999858 0.5999999999999998
1.000000000000002 0.7000000000000018 0.3999999999999997
-1.9 -1.6 -0.6000000000000001
-1.8 0.900000000000002 -0.5000000000000001
1.700000000000003 1.800000000000003 -0.7000000000000001
1.400000000000002 1.300000000000002 -1
-1.099999999999999 -1.9 0.0999999999999998
-0.9999999999999991 -1.099999999999999 -0.8
-1.399999999999999 -1.8 -0.7000000000000001
0.3000000000000016 1.300000000000002 -0.2000000000000002
1.700000000000003 -1.6 -0.5000000000000001
1.900000000000003 1.400000000000002 -0.5000000000000001
-0.1999999999999986 1.471045507628332e-15 -1.942890293094024e-16
-1.6 1.400000000000002 -1
1.500000000000002 0.1000000000000015 0.1999999999999998
0.6000000000000018 1.500000000000002 0.0999999999999998
0.8000000000000019 0.3000000000000016 -0.3000000000000002
-1.7 0.2000000000000016 0.7999999999999997
-2 1.471045507628332e-15 -0.7000000000000001
-0.1999999999999986 0.900000000000002 -0.3000000000000002
-1.399999999999999 -1.399999999999999 -0.3000000000000002
-1.7 -0.1999999999999986 -0.8
-1.8 -1.099999999999999 -0.5000000000000001
-1.7 -0.3999999999999987 -0.2000000000000002
-1.6 1.100000000000002 -0.6000000000000001
-0.9999999999999991 2.000000000000001 -0.4000000000000001
-1.299999999999999 -0.09999999999999858 -1
-1.7 -1.6 -0.5000000000000001
-1.199999999999999 -1.6 -1.942890293094024e-16
-2 -0.4999999999999987 -0.6000000000000001
1.700000000000003 -0.899999999999999 -0.4000000000000001
-2 -0.09999999999999858 0.9999999999999998
1.300000000000002 1.400000000000002 0.2999999999999998
1.100000000000002 0.7000000000000018 0.4999999999999997
0.2000000000000016 -1.299999999999999 -0.4000000000000001
-0.4999999999999987 -0.4999999999999987 0.7999999999999997
-2 -1.7 -0.4000000000000001
-1.399999999999999 0.8000000000000019 -1.942890293094024e-16
1.100000000000002 0.900000000000002 -1
0.900000000000002 1.500000000000002 -0.3000000000000002
-1.399999999999999 1.000000000000002 0.8999999999999997
1.600000000000003 1.300000000000002 -0.6000000000000001
0.3000000000000016 -2 0.1999999999999998
-1.299999999999999 -0.7999999999999989 -1.942890293094024e-16
0.7000000000000018 -0.6999999999999988 -0.8
1.471045507628332e-15 1.200000000000002 -0.1000000000000002
-2 1.500000000000002 0.0999999999999998
-0.9999999999999991 0.5000000000000017 0.8999999999999997
1.500000000000002 -0.4999999999999987 0.5999999999999998
0.900000000000002 -1.5 -0.5000000000000001
1.100000000000002 1.500000000000002 -0.1000000000000002
-0.1999999999999986 -0.6999999999999988 -1.942890293094024e-16
-0.5999999999999988 -0.2999999999999987 -0.1000000000000002
-0.4999999999999987 1.300000000000002 0.7999999999999997
0.6000000000000018 0.3000000000000016 0.6999999999999997
-1.8 0.4000000000000016 0.7999999999999997
0.5000000000000017 1.600000000000003 0.7999999999999997
-2 1.100000000000002 0.0999999999999998
1.600000000000003 0.4000000000000016 -0.3000000000000002
-0.9999999999999991 -0.7999999999999989 -0.4000000000000001
-0.7999999999999989 -1.199999999999999 -0.7000000000000001
-1.9 -1.8 -1.942890293094024e-16
-1.8 1.100000000000002 -0.8
1.200000000000002 1.200000000000002 -0.5000000000000001
1.600000000000003 -0.1999999999999986 -0.9
0.8000000000000019 1.471045507628332e-15 -0.2000000000000002
1.300000000000002 1.000000000000002 -1
0.8000000000000019 -0.899999999999999 0.3999999999999997
0.900000000000002 1.400000000000002 -1
1.471045507628332e-15 0.7000000000000018 0.0999999999999998
1.900000000000003 -0.5999999999999988 0.4999999999999997
1.000000000000002 1.000000000000002 0.5999999999999998
-1.299999999999999 1.700000000000003 -0.3000000000000002
0.5000000000000017 -1.099999999999999 0.8999999999999997
1.600000000000003 2.000000000000001 -0.3000000000000002
-1.9 0.900000000000002 0.9999999999999998
1.400000000000002 1.700000000000003 -0.3000000000000002
0.5000000000000017 0.5000000000000017 0.9999999999999998
0.7000000000000018 -1.5 -0.5000000000000001
1.500000000000002 -0.1999999999999986 0.1999999999999998
1.200000000000002 -1.099999999999999 -0.4000000000000001
-0.7999999999999989 0.2000000000000016 -0.6000000000000001
-1.099999999999999 1.500000000000002 0.8999999999999997
0.6000000000000018 1.000000000000002 -0.9
-1.6 1.800000000000003 -0.3000000000000002
-1.299999999999999 1.600000000000003 -0.4000000000000001
-0.7999999999999989 -1.199999999999999 0.8999999999999997
1.300000000000002 0.2000000000000016 0.5999999999999998
2.000000000000001 -0.1999999999999986 0.7999999999999997
-0.7999999999999989 -0.5999999999999988 0.5999999999999998
1.900000000000003 1.900000000000003 0.0999999999999998
0.8000000000000019 0.8000000000000019 0.6999999999999997
0.2000000000000016 0.8000000000000019 0.1999999999999998
-0.1999999999999986 1.000000000000002 -1
1.400000000000002 -0.899999999999999 0.5999999999999998
-0.5999999999999988 -1.399999999999999 -0.7000000000000001
-2 -1.399999999999999 0.9999999999999998
-1.199999999999999 1.400000000000002 0.2999999999999998
-2 -1.9 -0.4000000000000001
-1.6 1.100000000000002 0.7999999999999997
1.000000000000002 -1.199999999999999 0.3999999999999997
-0.09999999999999858 -1.399999999999999 -0.7000000000000001
2.000000000000001 0.900000000000002 -1
-1.5 -0.1999999999999986 0.9999999999999998
-0.1999999999999986 1.200000000000002 -0.1000000000000002
-1.8 -1.199999999999999 -0.1000000000000002
1.300000000000002 1.100000000000002 0.4999999999999997
0.8000000000000019 1.000000000000002 0.4999999999999997
-1.5 -1.199999999999999 -0.6000000000000001
0.5000000000000017 -0.6999999999999988 -0.3000000000000002
-1.399999999999999 1.600000000000003 -0.9
-1.5 2.000000000000001 -0.6000000000000001
-0.9999999999999991 0.2000000000000016 0.1999999999999998
1.700000000000003 -2 -0.8
1.700000000000003 1.600000000000003 0.9999999999999998
-1.199999999999999 -1.7 0.2999999999999998
-0.7999999999999989 -2 -0.9
-1.399999999999999 -0.3999999999999987 -0.9
1.200000000000002 1.900000000000003 0.4999999999999997
1.900000000000003 0.5000000000000017 -0.2000000000000002
-0.3999999999999987 2.000000000000001 0.7999999999999997
1.000000000000002 -1.7 -0.9
0.7000000000000018 -1.8 0.2999999999999998
1.700000000000003 -0.7999999999999989 -0.3000000000000002
-1.299999999999999 -0.899999999999999 0.5999999999999998
-1.6 0.1000000000000015 0.6999999999999997
-1.5 -2 -0.4000000000000001
1.100000000000002 -1.199999999999999 0.1999999999999998
-0.7999999999999989 -0.3999999999999987 0.8999999999999997
-1.6 -1.5 0.0999999999999998
1.471045507628332e-15 2.000000000000001 -1.942890293094024e-16
-0.7999999999999989 1.200000000000002 -0.9
0.4000000000000016 -0.2999999999999987 0.0999999999999998
-1.7 0.5000000000000017 0.6999999999999997
1.400000000000002 0.4000000000000016 0.4999999999999997
0.3000000000000016 -0.4999999999999987 -1.942890293094024e-16
-1.399999999999999 1.400000000000002 -0.7000000000000001
1.300000000000002 -0.2999999999999987 -0.9
-1.6 -1.399999999999999 0.8999999999999997
-0.6999999999999988 -0.3999999999999987 -0.5000000000000001
0.1000000000000015 -0.9999999999999991 -0.1000000000000002
-0.9999999999999991 -0.899999999999999 -1.942890293094024e-16
0.900000000000002 0.2000000000000016 0.2999999999999998
-0.2999999999999987 0.7000000000000018 0.7999999999999997
-1.199999999999999 0.900000000000002 -1.942890293094024e-16
-0.09999999999999858 1.100000000000002 0.0999999999999998
1.100000000000002 0.3000000000000016 -0.9
-0.5999999999999988 0.900000000000002 -1.942890293094024e-16
-0.4999999999999987 -1.9 0.4999999999999997
1.900000000000003 1.300000000000002 -0.7000000000000001
0.900000000000002 1.600000000000003 0.8999999999999997
-0.7999999999999989 -1.299999999999999 0.3999999999999997
-1.6 0.5000000000000017 -0.6000000000000001
-0.4999999999999987 -1.5 -0.1000000000000002
0.4000000000000016 -1.299999999999999 0.5999999999999998
-0.899999999999999 -0.4999999999999987 -0.1000000000000002
0.7000000000000018 -0.4999999999999987 -0.5000000000000001
-1.5 1.000000000000002 -0.9
0.2000000000000016 -0.9999999999999991 0.1999999999999998
-2 -1.9 -0.4000000000000001
1.200000000000002 -1.9 -0.6000000000000001
0.1000000000000015 0.1000000000000015 0.6999999999999997
1.400000000000002 -1.7 -0.9
0.1000000000000015 -1.399999999999999 -0.5000000000000001
-0.5999999999999988 1.900000000000003 0.6999999999999997
0.900000000000002 0.1000000000000015 -0.7000000000000001
0.8000000000000019 -0.1999999999999986 -0.9
-0.5999999999999988 -0.2999999999999987 0.7999999999999997
-0.1999999999999986 -1.199999999999999 0.3999999999999997
0.900000000000002 -1.199999999999999 0.1999999999999998
-0.7999999999999989 -1.5 -0.5000000000000001
-2 -1.9 0.4999999999999997
-1.9 -1.099999999999999 -0.8
-1.9 0.2000000000000016 -1
0.8000000000000019 1.900000000000003 0.8999999999999997
0.2000000000000016 1.400000000000002 0.0999999999999998
-1.6 1.700000000000003 0.1999999999999998
1.471045507628332e-15 -1.6 -0.4000000000000001
0.1000000000000015 0.6000000000000018 -0.1000000000000002
-1.8 -0.6999999999999988 0.1999999999999998
-1.399999999999999 0.6000000000000018 0.6999999999999997
-0.2999999999999987 -1.199999999999999 -0.5000000000000001
1.700000000000003 -0.9999999999999991 0.2999999999999998
-1.5 1.000000000000002 0.6999999999999997
-0.9999999999999991 0.2000000000000016 -1
0.6000000000000018 1.900000000000003 0.6999999999999997